1, 0, 0, 0, 0, 0, 0, 0, 0, 0, 0, 0, 0, 0, 0, 0, 0, -0, 0, 0, 0, 33.333333333333, 1, 
2, 0.00023526947852308, -0.0001350484607475, -0.0024852384565118, 9450.1694277108, 0.001659663910814, 0.00078115766915444, -0.0016986187878153, 0.00023526947852304, -0.00013504846074749, -0.0024852384565118, 0.001659663910814, 0.00078115766915448, -0.0016986187878153, 0.00078256686719937, -0.0016589996807862, 0.0016986187878153, 5.1523003050816, 0.0018343095706388, 0.00078115766915444, -0.001659663910814, 66.666666666667, 2, 
3, -0.098248791577706, -0.042193326463229, 0.0046546604372236, 4454.8377403846, -0.081555065424054, 0.059731963225951, -0.035151539875039, -0.097960714331059, -0.04244965973839, 0.0021833846283583, -0.079933751964951, 0.060413762641136, -0.036929850550896, 0.058928801823782, 0.081028151883436, 0.036850158662855, 0.93864645189228, 0.10108974293739, 0.060513120895105, 0.07989540151324, 100, 3, 
4, -0.012611235051845, -0.01093489718053, 0.029937175099802, 5573.5714285714, -0.031974700735369, -0.006785178209761, 0.010316472379019, -0.10994306851411, -0.054830638224226, 0.031828650068938, -0.11207306105225, 0.052634131803599, -0.027860703524832, 0.051133893061241, 0.11277166530199, 0.026533686283836, 1.7798990545438, 0.032686696536277, 0.053727942685344, 0.11187010224861, 133.33333333333, 4, 
5, -0.032815010243497, 0.0014647945660897, -0.017953932020736, 5317.464953271, -0.0070222029772972, 0.034551152424927, -0.012578554637269, -0.14320536319263, -0.051865000570312, 0.014878927677927, -0.11925240586653, 0.087761406827539, -0.038677322447433, 0.085435775236412, 0.12092390315762, 0.039112240921105, 0.20050973822748, 0.035257530664312, 0.088279095110271, 0.11889230522591, 166.66666666667, 5, 
6, -0.0095722036536764, -0.015996454991079, 0.0049083057868428, 4242.9059180577, -0.016710210323545, -0.0010131687798238, -0.0095575883011494, -0.15277511733008, -0.068121764516444, 0.018883610760665, -0.13551299339572, 0.087010717641047, -0.049018009719919, 0.0836903954559, 0.13757350643805, 0.048669829222254, 1.6313539112127, 0.016740897229047, 0.087265926330447, 0.13560251554945, 200, 6, 
7, 0.0041232940348476, -0.0048908351325908, 0.0065990873688556, 4067.0181818182, -0.0042373691511104, -0.0081139561605696, 0.00082350867895138, -0.14847976496234, -0.073542528706404, 0.024952574135894, -0.13957435537487, 0.078754535989718, -0.048929520319317, 0.075381477824808, 0.14141453042375, 0.047846320543303, 2.6603178854244, 0.0091537741887392, 0.079151970169878, 0.13983988470056, 233.33333333333, 7, 
8, -0.0044778592223969, -0.016358118038649, 0.011142410059107, 4058.0237741456, -0.017890731319189, -0.0078590711936151, -0.0054725974127434, -0.15276374215088, -0.090647390398353, 0.035024542087707, -0.15703874260714, 0.070868061083218, -0.055650533226148, 0.066627894649172, 0.15888499565271, 0.053318917956046, 1.9847012644165, 0.019540810299517, 0.071292898976263, 0.15773061601975, 266.66666666667, 8, 
9, -0.030117741684892, -0.00091588569304372, 0.025724625106776, 3330.9020044543, -0.034553662272108, 0.013306611491602, 0.014094402132316, -0.18171388907534, -0.093029692633259, 0.061998230407562, -0.19243669677291, 0.082099107612111, -0.041786378111377, 0.078321885938384, 0.19401690103536, 0.03922451582373, 1.2032004936051, 0.037027307298849, 0.084599510467865, 0.19228427829186, 300, 9, 
10, -0.026256228988711, -0.0065290021352142, 0.023643601151291, 4693.0245535714, -0.033754082161266, 0.0086910884947948, 0.0087272226213232, -0.20707169031288, -0.10091576057691, 0.086222716117697, -0.22671116230371, 0.089254360172599, -0.033656344919537, 0.085831212048928, 0.22805329147622, 0.030497293202407, 1.3187877191086, 0.034855029504705, 0.09329059896266, 0.22603836045313, 333.33333333333, 10, 
11, -0.032889168615761, -0.004640673213043, 0.022325956049028, 5058.0403889304, -0.03585880389923, 0.015387436889431, 0.0088912734940754, -0.2390242695279, -0.10649493243349, 0.10968773560883, -0.26321652954351, 0.10301999749212, -0.024680420003522, 0.10027930740224, 0.26430063852145, 0.021606019708331, 1.1654480855466, 0.039020853797805, 0.10867803585209, 0.26189716435236, 366.66666666667, 11, 
12, -0.078418346708559, -0.0085662349140161, -0.013117784765322, 4104.2395437262, -0.041832389130817, 0.065180812382455, -0.019909922100748, -0.31844054051515, -0.10924434243263, 0.099903209622748, -0.30486959721265, 0.17007051907607, -0.038077744893712, 0.16410661891922, 0.30816834443343, 0.041515941809079, 0.57058197468018, 0.077449900472685, 0.17385884823455, 0.30372955348317, 400, 12, 
13, -0.09622668247396, -0.002812248592595, 0.010500998339835, 3556.0546875, -0.064505940025995, 0.072214396019937, -0.0013483826086102, -0.41410022601444, -0.10909890870067, 0.11533435115745, -0.37072328716092, 0.24102947292092, -0.03395044564518, 0.23353604158174, 0.37566270885102, 0.042864324417689, 0.72907659647137, 0.09682941335752, 0.24607324425448, 0.36823549350917, 433.33333333333, 13, 
14, -0.08110710648157, -0.0047808937861091, 0.016285823896715, 4820.4652996845, -0.060323968516476, 0.056780565449387, 0.0018530594041152, -0.4945109810232, -0.11277263531875, 0.13512717197071, -0.43233037292251, 0.29626178642552, -0.028940446624482, 0.28773756215861, 0.43831418222841, 0.041011265013574, 0.81564739563721, 0.082843308663578, 0.30285380970387, 0.42855946202564, 466.66666666667, 14, 
15, -0.015693671198008, -0.0019925581067301, 0.036956934115638, 4351.6730769231, -0.03381830255152, -0.0034439921911555, 0.021460142465331, -0.50837873019947, -0.12291496884243, 0.17179219906674, -0.46894857715824, 0.2880417432999, -0.013740328433525, 0.28327132710164, 0.47201210262358, 0.019551122548243, 1.6722845621697, 0.033993215053579, 0.29940981751271, 0.46237776457716, 500, 15, 
16, -0.015533370174495, 0.0026846773452312, 0.028839718355031, 3687.9850746269, -0.026206266233616, 0.0017476208912633, 0.019758534778533, -0.52201612181825, -0.12641636227535, 0.20173286508211, -0.49782680786522, 0.28520507680742, 0.0021556688325127, 0.28476538420893, 0.49823364572697, 6.2829778949493, 1.5042077823524, 0.026264473508653, 0.30115743840398, 0.48858403081078, 533.33333333333, 16, 
17, -0.0088852567919938, -0.0096769177855342, 0.028297975901668, 3660.6666666667, -0.028116919439953, -0.0085891217068626, 0.010441828383941, -0.53031514328417, -0.14244388345406, 0.22749019299382, -0.52713678167912, 0.27452689600195, 0.0061677884653723, 0.27632905204645, 0.52639665529032, 6.2725360665654, 1.8672718971964, 0.029399560719305, 0.29256831669711, 0.51670095025073, 566.66666666667, 17, 
18, -0.019554994619066, -0.0037160164607233, 0.017430513829827, 3647.1586715867, -0.024454242437003, 0.0070282151956987, 0.0072542204237474, -0.5491253947094, -0.14862423571585, 0.2451039878289, -0.55249840152053, 0.27984299839391, 0.011717157200918, 0.28370564135103, 0.55074802179424, 6.2652818461416, 1.2909363821947, 0.025444169902058, 0.29959653189281, 0.54115519268774, 600, 18, 
19, -0.0061891242877188, -0.012393007896939, 0.020832999952299, 3992.7631578947, -0.023115895395947, -0.0088199876817294, 0.0037106642284575, -0.55553915126172, -0.16571586051676, 0.26253872568985, -0.57591192147573, 0.27063733160351, 0.009645236072574, 0.27534409229265, 0.57403365344828, 6.2615711819132, 1.9353015089061, 0.02474139855914, 0.29077654421108, 0.56427108808368, 633.33333333333, 19, 
20, -0.041431013826901, -0.0011933183982718, 0.059159889586303, 4971.9265367316, -0.062699512569153, 0.0085005352972267, 0.034847630639716, -0.59249951681619, -0.17836998070264, 0.32372679035343, -0.64299293057237, 0.2698754780416, 0.03738929254219, 0.28628467038199, 0.63635068101031, 6.2267235512734, 1.4360421682259, 0.063273122072084, 0.29927707950831, 0.62697060065284, 666.66666666667, 20, 
21, -0.040165254029534, -0.0086324495293703, 0.015671788005254, 4511.5384615385, -0.037855221373193, 0.022341849926996, 0.0010935797835503, -0.63253858290821, -0.18523452618693, 0.34059890001633, -0.68066167903316, 0.29236117184375, 0.040610479859435, 0.3107471261441, 0.67287141650312, 6.2256299714899, 1.0376197840846, 0.043956524468774, 0.32161892943531, 0.66482582202603, 700, 21, 
22, -0.044719714533631, 0.002905831419066, 0.033665828167278, 4288.9878695982, -0.046286059897057, 0.023423049142226, 0.021228430140159, -0.67362961871297, -0.18605965861896, 0.37892669136286, -0.729659080716, 0.30935803847127, 0.062256148840651, 0.33726816166411, 0.71745368321826, 6.2044015413497, 1.1023206370994, 0.051875221174594, 0.34504197857753, 0.71111188192309, 733.33333333333, 22, 
23, -0.010325039493588, 0.0047333579925991, 0.017705773403024, 4153.5792951542, -0.015015460954591, 0.0030052490100269, 0.014422545981276, -0.68156974400453, -0.18577866422382, 0.39865986490802, -0.74678936656396, 0.30772870973074, 0.074762994898108, 0.34155193481679, 0.7321554200598, 6.1899789953685, 1.3732626554854, 0.015313248815687, 0.34804722758756, 0.72612734287768, 766.66666666667, 23, 
24, -0.014378518099, 0.0083630602091275, 0.010082299549558, 4130.0960118168, -0.010709941666413, 0.010957015407113, 0.011982328826164, -0.69324219347479, -0.17862777287395, 0.41278264394549, -0.75910022355871, 0.31431945898938, 0.0886135881907, 0.35351567572002, 0.74172753098033, 6.1779966665423, 0.7739954070548, 0.015321848358788, 0.35900424299467, 0.73683728454409, 800, 24, 
25, -0.016193415108384, 0.006485912302275, 0.014903749363526, 4733.4375, -0.015790624722495, 0.0096408825751436, 0.013569265766404, -0.70676915699532, -0.17456973174159, 0.43109394014246, -0.77671541855882, 0.31937745668159, 0.1027157686683, 0.36486053651457, 0.75634189568657, 6.1644274007759, 1.0226594107451, 0.018501093101608, 0.36864512556982, 0.75262790926659, 833.33333333333, 25, 
26, -0.014275348962957, 0.002965680867827, 0.011886999854224, 4491.0727406319, -0.014489941178237, 0.0078611329446585, 0.0090623283338357, -0.71937636007671, -0.17311615078492, 0.4450961027742, -0.79233281715445, 0.32438123609476, 0.1121058734008, 0.37444389806292, 0.76975506996986, 6.1553650724421, 1.0737113817799, 0.016485017637915, 0.37650625851447, 0.76711785044482, 866.66666666667, 26, 
27, -0.017637831148439, 0.0015061497931314, 0.016754509623944, 4207.5, -0.020299139119981, 0.0079515301302948, 0.010899233458232, -0.73531680299865, -0.17408933859003, 0.4636205174836, -0.81400297358974, 0.32918849672046, 0.1223768686338, 0.38502213297632, 0.78881755710028, 6.1444658389838, 1.1974502744737, 0.021800960539052, 0.38445778864477, 0.7874169895648, 900, 27, 
28, -0.015046057997959, 0.0020416849148142, 0.018840211378214, 3900.5486466715, -0.019847263142736, 0.0052198926856144, 0.012819700979579, -0.74844344319629, -0.17590227232596, 0.48404238440346, -0.83565532760576, 0.33058519983416, 0.13341647207255, 0.39305741739062, 0.80770114602941, 6.1316461380042, 1.3136173416198, 0.020522210746075, 0.38967768133038, 0.80726425270754, 933.33333333333, 28, 
29, -0.015430028323521, -0.0011404946132662, -0.012383467477608, 4277.9605263158, -0.001692463632379, 0.017108540208635, -0.0098574818380507, -0.76450903006049, -0.16867078401644, 0.4736670362848, -0.83483700250428, 0.35089158221578, 0.13117451952963, 0.41022959562282, 0.80687614165318, 6.1415036198423, 0.098604257959897, 0.017192049942267, 0.40678622153902, 0.80895671633992, 966.66666666667, 29, 
30, -0.02153013340288, -0.0061334646410854, -0.0090905448925457, 4037.0288248337, -0.0098580278580627, 0.018578329136454, -0.011894063507537, -0.78757462169868, -0.16597285691627, 0.46518598149561, -0.84158868533498, 0.37416612632782, 0.12628179491095, 0.42997090669238, 0.81412947021551, 6.1533976833498, 0.4878422737564, 0.021031762331121, 0.42536455067547, 0.81881474419798, 1000, 30, 
31, -0.013327575874404, -0.0027096705226934, 0.018434057039923, 4185.9546452085, -0.020945500279557, 0.0020047196971535, 0.0090580459096892, -0.8003147873862, -0.17292176778221, 0.4830886426496, -0.86396028356739, 0.37413624278916, 0.1318148985661, 0.43476243246336, 0.83461779191089, 6.1443396374401, 1.4753757547125, 0.021041218667774, 0.42736927037263, 0.83976024447754, 1033.3333333333, 31, 
32, -0.01377857356647, -0.0045363596319673, 0.015395715656896, 4563.1578947368, -0.02017639177248, 0.0028588253342356, 0.005674161136949, -0.81409991317986, -0.18023078467013, 0.49747499280934, -0.88487525207146, 0.37625374699118, 0.13473017722623, 0.44044169678365, 0.85418829470255, 6.1386654763032, 1.4300416851645, 0.020377921072775, 0.43022809570686, 0.85993663625002, 1066.6666666667, 32, 
33, -0.013809383598682, -0.0043826210031902, 0.015424107759187, 3989.8466033601, -0.020136076610891, 0.0029365196224176, 0.0058073122161962, -0.82785753174684, -0.18741289498928, 0.51196371278876, -0.90577638516675, 0.37835996932202, 0.13780984197258, 0.44630414519608, 0.87367458055627, 6.132858164087, 1.4259834176503, 0.02034907193885, 0.43316461532928, 0.88007271286091, 1100, 33, 
34, -0.070107716778996, -0.022281971939291, 0.041741557727186, 4299.173553719, -0.078865073967838, 0.030017885845445, 0.0057587968580647, -0.89979144470415, -0.20853474954007, 0.55116968149888, -0.98351301375869, 0.41138900595174, 0.14269133992653, 0.48800580486954, 0.94703483201267, 6.1270993672289, 1.2071047647918, 0.08438467492728, 0.46318250117473, 0.95893778682875, 1133.3333333333, 34, 
35, -0.092511873846133, -0.020310957480925, 0.089931706515848, 5141.511627907, -0.12182533618698, 0.029012994006528, 0.037088131244802, -0.9896488087126, -0.24435678887109, 0.63941407236003, -1.1104246039323, 0.43244307269252, 0.16708015951684, 0.53774125929918, 1.0619603106374, 6.0900112359841, 1.3369990683338, 0.12523244930247, 0.49219549518125, 1.0807631230157, 1166.6666666667, 35, 
36, -0.059778035239425, -0.019276056450456, 0.061171633794421, 4389.442700157, -0.083738512847805, 0.014898387675102, 0.02128025670501, -1.0493020339476, -0.27466174617905, 0.69649143740685, -1.1969618750875, 0.44430358501915, 0.17734436169571, 0.56927989885445, 1.1409486564461, 6.0687309792791, 1.3947231056491, 0.085053515443394, 0.50709388285636, 1.1645016358635, 1200, 36, 
37, -0.03039360384585, 0.0028785881684048, 0.033756235406124, 5077.7672479151, -0.037961851226563, 0.011800611155446, 0.022162676625226, -1.0745719823825, -0.28058384032794, 0.73443763211413, -1.2389806507775, 0.44653697500769, 0.1958643435417, 0.589270621189, 1.1753094909732, 6.0465683026539, 1.2694112901755, 0.03975369884916, 0.5188944940118, 1.2024634870901, 1233.3333333333, 37, 
38, -0.028182379745397, 0.0097571283663437, -0.0062869009228585, 5111.5646258503, -0.0076394326941883, 0.029464510769269, 0.001566713148297, -1.0978361201323, -0.25907322220377, 0.7397014461749, -1.2452727576614, 0.47218538380148, 0.21414555613227, 0.61970534364757, 1.1758052912938, 6.0450015895056, 0.25368953439906, 0.030438763555069, 0.54835900478107, 1.2101029197843, 1266.6666666667, 38, 
39, -0.0089916625180353, 0.010498651250701, -0.0029692095022717, 5434.6407624633, 0.001854795395214, 0.012900035823381, 0.005480568095933, -1.1023730669113, -0.2453614444771, 0.74442841224173, -1.2441287751076, 0.47965239791164, 0.22733175476828, 0.63179023119781, 1.1709261228681, 6.0395210214097, 6.1403818245097, 0.013032696965809, 0.56125904060445, 1.2082481243891, 1300, 39, 
40, -0.040726775648968, 0.024487947877346, 0.040552524173009, 5305.1833832335, -0.037606668371418, 0.026410113078037, 0.042321159510769, -1.1289344361703, -0.23322139853162, 0.80160309901436, -1.290208139503, 0.48255933991701, 0.27194198436343, 0.66712035085952, 1.2003071157952, 5.9971998618989, 0.95854710614761, 0.045953841828432, 0.58766915368249, 1.2458547927605, 1333.3333333333, 40, 
41, -0.038053915774301, 0.018037485760425, 0.037927228537309, 6139.907063197, -0.037572475153236, 0.022628422375494, 0.035891350977198, -1.1554420289051, -0.22568654140068, 0.85256212074133, -1.3345740791377, 0.48606022271638, 0.30903180745859, 0.69995444570496, 1.2293839967691, 5.9613085109217, 1.028716259793, 0.043860419381765, 0.61029757605798, 1.2834272679137, 1366.6666666667, 41, 
42, -0.035186137423262, -0.042890941140801, 0.010214434648623, 4798.531626506, -0.048500313091308, 0.0061931800860042, -0.028131760684065, -1.2071701042385, -0.25287435298885, 0.84417217695784, -1.3730569536003, 0.51990505821272, 0.27972384519158, 0.72055019751079, 1.2737270125984, 5.9894402716058, 1.4437900471424, 0.048894128988382, 0.61649075614399, 1.331927581005, 1400, 42, 
43, -0.039833268718411, -0.017596425902945, 0.0035225274309413, 5309.1573033708, -0.034354549008445, 0.023335204101887, -0.013563363757819, -1.2520962011941, -0.25355618486139, 0.84535182483706, -1.4004787562826, 0.55542523067771, 0.27716016156254, 0.75265469096675, 1.3000717179363, 6.0030036353636, 0.97413515932599, 0.041530311677742, 0.63982596024587, 1.3662821300135, 1433.3333333333, 43, 
44, -0.027861311667143, -0.026022109212744, 0.010756438880146, 5176.3646702047, -0.036157724166169, 0.0071338873828457, -0.014520007716357, -1.2894053571894, -0.2703882044597, 0.84475010899077, -1.430336650337, 0.57874805737963, 0.26166165270643, 0.76927057237864, 1.3329679712002, 6.0175236430799, 1.3759991047264, 0.036854760426136, 0.64695984762872, 1.4024398541796, 1466.6666666667, 44, 
45, -0.03193952415829, -0.040271416806354, 0.0076303391887804, 4620.0680272109, -0.043641592873685, 0.0057389653040116, -0.02761553698434, -1.3370142414542, -0.29494795501029, 0.83314723483571, -1.4630431321703, 0.61169742820919, 0.23252339687974, 0.78570347183414, 1.3738013978588, 6.0451391800643, 1.4400443765599, 0.044017318765607, 0.65269881293273, 1.4460814470533, 1500, 45, 
46, -0.03851855598802, -0.046287448972541, 0.0019205584544731, 5697.0543806647, -0.046840918828717, 0.010889757314337, -0.036293755651214, -1.3935820055087, -0.31786611370372, 0.81383929907399, -1.4952562480635, 0.65576051961917, 0.19907630696506, 0.80654739554204, 1.4171367339181, 6.0814329357155, 1.342370163126, 0.048090108037762, 0.66358857024707, 1.4929223658821, 1533.3333333333, 46, 
47, -0.052664637744206, -0.048086326756545, 0.0068735807801044, 5094.1244239631, -0.059193248431456, 0.01951403578278, -0.035333646013179, -1.4636916797394, -0.3406070627471, 0.80017119826885, -1.5389231552483, 0.70850538497497, 0.16857199588178, 0.83656544177431, 1.471755194838, 6.1167665817287, 1.2523494723456, 0.062326866216743, 0.68310260602985, 1.5521156143135, 1566.6666666667, 47, 
48, -0.039699871414198, -0.055281807046555, -0.0015169204863579, 4755.4849884527, -0.049812343507288, 0.0094896055473527, -0.0454217566599, -1.5251897864867, -0.36714230462722, 0.77012130857304, -1.568957856138, 0.75947591115017, 0.12510877507125, 0.85308970549142, 1.5196911569274, 6.1621883383886, 1.382544985753, 0.050708206230672, 0.6925922115772, 1.6019279578208, 1600, 48, 
49, -0.035657849649609, -0.050718127429456, -0.00015576322182393, 5210.0154083205, -0.046042286389351, 0.0075772554171779, -0.040823122889532, -1.5804263908834, -0.39278255136139, 0.7423651080719, -1.5963441584154, 0.80481503628128, 0.084203234185045, 0.86525124713237, 1.5647369156067, 6.2030114612781, 1.4076867259353, 0.04666162165652, 0.70016946699438, 1.6479702442101, 1633.3333333333, 49, 
50, -0.018167972049533, -0.045449700743768, -0.032509870672971, 4711.9565217391, -0.012483718356805, 0.0090417390152297, -0.05670135341074, -1.6194119254238, -0.39361774748223, 0.68781096679958, -1.5847259189313, 0.85852379248796, 0.045770087013924, 0.87492628856639, 1.576734005636, 6.2597128146888, 0.94395857953229, 0.015414158051336, 0.70921120600961, 1.660453962567, 1666.6666666667, 50, 
51, -0.016959609845985, -0.063417078719771, 0.0047955823702436, 4998.1537302185, -0.044571253715336, -0.014908044828761, -0.046081499469474, -1.6598851127117, -0.43889681320833, 0.64612310317142, -1.6043280790989, 0.8894529702617, -0.018146171773499, 0.8600387234314, 1.621307994029, 0.022609006978723, 1.8935755372223, 0.046998366550054, 0.69430316118085, 1.7050252162823, 1700, 51, 
52, -0.054072554567134, -0.057042274344399, 0.017829710379738, 4936.7139570552, -0.071481321029824, 0.012359705459961, -0.035117226183837, -1.7307420425563, -0.4814138092393, 0.62982981254551, -1.6565980377588, 0.93558435620016, -0.065407310896718, 0.86951754027435, 1.693224519415, 0.057726233162559, 1.3995810357653, 0.072541998698862, 0.70666286664081, 1.7765065373121, 1733.3333333333, 52, 
53, -0.067143758483612, -0.057951803988855, -0.0065421835446854, 4876.875, -0.064011323637282, 0.032618154594202, -0.05242233208002, -1.8174514615571, -0.49977100445023, 0.5983990288433, -1.6964538213536, 1.0109270020089, -0.10513642776049, 0.8966513068702, 1.7597380085572, 0.11014856524258, 1.0995232465977, 0.071842839329526, 0.73928102123501, 1.8405178609494, 1766.6666666667, 53, 
54, -0.027692249294292, -0.05990388201277, -0.0061173930265816, 6027.4548311076, -0.042134696086005, -0.00024873564566959, -0.051160164882798, -1.8669472734443, -0.52831126339117, 0.55042514380059, -1.7089925624257, 1.0587730313904, -0.16098809652736, 0.89070412458623, 1.8014472701191, 0.16130873012538, 1.5766996031775, 0.042135430265769, 0.73903228558934, 1.8826525570354, 1800, 54, 
55, -0.029741949892312, -0.061819067237965, -0.011942512825777, 4767.8237129485, -0.040564722026241, 0.0030124008106379, -0.056517530467115, -1.9191970682715, -0.55206308384648, 0.49636581898757, -1.7168708567888, 1.1133713522743, -0.21732238442956, 0.88601936615975, 1.8418479064126, 0.21782626059249, 1.4966707977188, 0.040676421077944, 0.74204468639998, 1.9232172790616, 1833.3333333333, 55, 
56, -0.033192254822958, -0.059584984020743, -0.010498005729949, 5557.6923076923, -0.042398275986299, 0.00614030612418, -0.054101621452494, -1.9727840334104, -0.57513482156253, 0.44528534274441, -1.727098875717, 1.1681033754869, -0.27129341385339, 0.88169806987497, 1.8844650850863, 0.27192788204499, 1.4269718646841, 0.042840601838781, 0.74818499252416, 1.9656155550479, 1866.6666666667, 56, 
57, -0.061434347708592, -0.054181938604667, -0.0088533243382581, 4514.2160686427, -0.057311256278804, 0.030544397877671, -0.050702080365071, -2.0505431531697, -0.59287644249421, 0.40938880139364, -1.7585477717615, 1.2383209007617, -0.31288992715764, 0.89411386596021, 1.9482031535958, 0.32262996241006, 1.0811325467395, 0.064942592633527, 0.77872939040183, 2.0229268113267, 1900, 57, 
58, -0.058171076228256, -0.053898436591565, -0.0096108299588319, 5448.1768813033, -0.05477342377266, 0.028340447008333, -0.050773744406887, -2.1248425792793, -0.60970945142959, 0.37059344694247, -1.7856634667718, 1.3073239148778, -0.35545932694826, 0.90207491567192, 2.0093518627674, 0.37340370681694, 1.0933160540339, 0.061670972818754, 0.80706983741016, 2.0777002350994, 1933.3333333333, 58, 
59, -0.041294459895643, -0.027808576673571, -0.018416829620205, 4816.6666666667, -0.026266440192439, 0.029302463543447, -0.035625375820516, -2.1768500441665, -0.60277190952735, 0.3466646790894, -1.7973888096113, 1.3621490340181, -0.36895795708779, 0.9191468719853, 2.0448054241983, 0.40902908263746, 0.73081713538916, 0.039351750279982, 0.83637230095361, 2.1039666752918, 1966.6666666667, 59, 
60, -0.049664909726778, -0.055716128272787, 0.010540238886675, 4851.8653846154, -0.063577464869458, 0.012370705549427, -0.038559802297569, -2.237866832393, -0.64293023069858, 0.31043819012861, -1.8299732099354, 1.4095657840974, -0.42673340733525, 0.90399517658322, 2.1077742040328, 0.44758888493503, 1.3786206898796, 0.064769810830492, 0.84874300650304, 2.1675441401613, 2000, 60, 
61, -0.065817227820799, -0.047894108861113, 0.042935053111779, 4805.3066037736, -0.089862370951226, 0.015304837412126, -0.012636847968729, -2.3026780621195, -0.71641279893638, 0.30422654395417, -1.9005594489595, 1.4336422577569, -0.49058222976254, 0.87834751665567, 2.1952475007277, 0.46022573290376, 1.4021008152336, 0.091156369833311, 0.86404784391516, 2.2574065111125, 2033.3333333333, 61, 
62, -0.04036207220493, -0.028584164276261, 0.0043753455392882, 4994.0830721003, -0.040678921005367, 0.018796469757469, -0.021382539373331, -2.34816586063, -0.73588512728522, 0.29077803404372, -1.9283105539633, 1.4677774025879, -0.51692308991225, 0.87664189474504, 2.2400258550541, 0.48160827227709, 1.1379512402805, 0.044811626722362, 0.88284431367263, 2.2980854321179, 2066.6666666667, 62, 
63, -0.060757569134286, -0.035591020576359, 0.0074141939735239, 4717.1021840874, -0.058062028888056, 0.031074606274616, -0.026006591092035, -2.4139767801815, -0.76277974319187, 0.2788264860872, -1.9726232853405, 1.5145955377091, -0.54919815267676, 0.87643085995758, 2.3058783923456, 0.50761486336912, 1.0793894048931, 0.065854615280327, 0.91391891994725, 2.3561474610059, 2100, 63, 
64, -0.058015607573469, -0.0028078555709148, 5.8889208047429e-05, 4903.8461538462, -0.035434337225756, 0.045665717414596, -0.0057225660976371, -2.4692187098906, -0.76585231455773, 0.30152781124637, -2.0210410174729, 1.5485441653896, -0.54027202370649, 0.89896175584746, 2.3591071457076, 0.51333742946676, 0.65990363882257, 0.05780095156326, 0.95958463736184, 2.3915817982317, 2133.3333333333, 64, 
65, -0.087983435905268, -0.026619867088412, -0.009275368525218, 5166.5128410915, -0.058880892984179, 0.0637390549273, -0.03171917978154, -2.5633200312119, -0.76711842865717, 0.30556260843585, -2.0793974763266, 1.622365193103, -0.54450520476758, 0.92425567381995, 2.442108667194, 0.5450566092483, 0.74579920388586, 0.086773421516267, 1.0233236922891, 2.4504626912159, 2166.6666666667, 65, 
66, -0.048440243268632, -0.020469865370972, 0.026490122245872, 4098.4242890085, -0.055513786792618, 0.019582417030581, -0.0013957732594544, -2.6071527166109, -0.81116189675708, 0.31032699942114, -2.1300539844568, 1.637313957625, -0.57758515614933, 0.91217830955296, 2.4997228002324, 0.54645238250776, 1.2316748641422, 0.058866387529861, 1.0429061093197, 2.5059764780085, 2200, 66, 
67, -0.056379985796257, -0.032896385234098, 0.047193095487111, 3988.3346273292, -0.079589146647789, 0.012216408414099, 0.002095650384763, -2.6549321403901, -0.88849687033312, 0.30862532362299, -2.1954601575146, 1.644148170029, -0.64036884512528, 0.88133435231547, 2.5741023738801, 0.54435673212299, 1.4184916181241, 0.080521257433447, 1.0551225177338, 2.5855656246563, 2233.3333333333, 67, 
68, -0.055931541866763, -0.031487213563067, 0.04491330927954, 4263.9344262295, -0.077167274035732, 0.013388712572635, 0.001715481887372, -2.7009396648006, -0.96398524760616, 0.3075271041245, -2.2592946238123, 1.6500766183246, -0.70124910786832, 0.8528879971285, 2.6470739387033, 0.54264125023562, 1.399004060771, 0.078320149428218, 1.0685112303065, 2.662732898692, 2266.6666666667, 68, 
69, -0.057914577397923, -0.0061032244810012, 0.013474391801062, 3714.2993145468, -0.045593007193149, 0.038651724873336, 0.00047829302500268, -2.7499912224147, -0.9901897853213, 0.33505660386421, -2.3186856789601, 1.6673152954651, -0.70636161975917, 0.86245721247139, 2.7060748555984, 0.54216295721062, 0.86760672566255, 0.059771884198163, 1.1071629551798, 2.7083259058852, 2300, 69, 
70, -0.075931184399972, -0.016873059508918, -0.0035550701150198, 4057.6421800948, -0.050623792348259, 0.055728639704431, -0.019860333094731, -2.8265743433825, -0.99649464341262, 0.35660363548208, -2.3804809092582, 1.717625142724, -0.70197195115717, 0.88335516171819, 2.7784043148854, 0.56202329030535, 0.73743562740224, 0.075289107014401, 1.1628915948842, 2.7589496982334, 2333.3333333333, 70, 
71, -0.063695606748683, 0.0098616977153993, 0.011637473253921, 3774.6710526316, -0.039859774175041, 0.050784677631155, 0.011042133342906, -2.8735649414703, -1.0178862592346, 0.41031984748288, -2.4530117520737, 1.724388403439, -0.68632953919833, 0.90542201951446, 2.8390747291298, 0.55098115696244, 0.66545192992005, 0.064559159531282, 1.2136762725154, 2.7988094724085, 2366.6666666667, 71, 
72, -0.073301255238463, 0.0013968532473302, 0.015282863354073, 3680.6603773585, -0.052033205711501, 0.053483031625273, 0.0063797935177601, 2.9225822808574, 1.0438055135403, -0.45880360723598, 2.5256384667809, -1.7330522796157, 0.67764156287975, 0.92398017274178, 2.9113482817776, 0.54460136344468, 0.77165871703182, 0.074618289771646, 1.2671593041407, 2.85084267812, 2400, 72, 
73, -0.063719198272161, 0.02060475684312, 0.019115069850483, 3132.5174825175, -0.039307206424515, 0.05222138615932, 0.02404054660378, 2.8559346670877, 1.0383954107344, -0.51284043810369, 2.5184378749018, -1.659130955149, 0.63434101489288, 0.94900972539993, 2.9717259121588, 0.5205608168409, 0.64522893706799, 0.065361530346988, 1.3193806903, 2.8901498845445, 2433.3333333333, 73, 
74, -0.056779455718116, 0.0074596386108906, 0.042386683918097, 3931.7441860465, -0.05666271793296, 0.031470593494133, 0.029582459748966, 2.7786735652119, 1.0652831750189, -0.54115911541251, 2.5046502062767, -1.5737124107049, 0.63155768579657, 0.94908825713614, 3.0365392477989, 0.49097835709194, 1.0638150802679, 0.064815598881929, 1.3508512837941, 2.9468126024774, 2466.6666666667, 74, 
75, -0.065701885285677, 0.010557180340607, 0.026765523700388, 3715.7142857143, -0.050361897417213, 0.046440341039209, 0.021249915523382, 2.7041872782372, 1.0653272012201, -0.57746563462071, 2.4842343242687, -1.4985020265959, 0.60339816032324, 0.96700084597264, 3.1026603457176, 0.46972844156856, 0.82588703301101, 0.068505663906716, 1.3972916248333, 2.9971744998947, 2500, 75, 
76, -0.066583386077187, 0.0054881433501303, 0.018550722978553, 4174.0719257541, -0.048149253407032, 0.048421982296352, 0.012023195455682, 2.6344416320286, 1.0521634751149, -0.60652636563111, 2.4553895846293, -1.4356636742152, 0.57020802969948, 0.98877317890182, 3.1673824580907, 0.45770524611287, 0.78257404954748, 0.068286447946593, 1.4457136071297, 3.0453237533017, 2533.3333333333, 76, 
77, -0.069967766523496, 0.010283255435435, 0.051602898241613, 4133.3720930233, -0.068878687784623, 0.039498566452861, 0.036873871199776, 2.5388535176765, 1.0782338092118, -0.63460214783597, 2.43029949991, -1.33588298525, 0.56581512719891, 0.99522898399641, 3.2465156578471, 0.4208313749131, 1.0501267871451, 0.079400317271172, 1.4852121735825, 3.1142024410863, 2566.6666666667, 77, 
78, -0.073706325408369, 0.024344226656969, 0.016393008489184, 4067.2400312744, -0.041558223833209, 0.062985560229708, 0.024489320768211, 2.463293678279, 1.0626771009973, -0.68970499857876, 2.4135071168561, -1.258580892558, 0.51356551937559, 1.0365171973782, 3.3096764321375, 0.39634205414489, 0.58323756425319, 0.075460365528013, 1.5481977338122, 3.1557606649195, 2600, 78, 
79, -0.07224484718177, 0.02644556824784, 0.037548440751319, 4136.5787432118, -0.053182135204408, 0.053936986355864, 0.039887749649623, 2.3733422310316, 1.0719230731646, -0.7378541484396, 2.3961803845364, -1.1621150091865, 0.48374599242494, 1.0671280738347, 3.3789570145993, 0.35645430449526, 0.77835144152324, 0.075746537888227, 1.6021347201681, 3.2089428001239, 2633.3333333333, 79, 
80, -0.066384835698608, 0.025945867598267, 0.036403229010565, 4931.5285379203, -0.049264479254133, 0.049466744599778, 0.039132863241141, 2.2885617369441, 1.0814750360512, -0.78114094126943, 2.3789274208442, -1.0717092324151, 0.45763382798643, 1.0975279248746, 3.441799784321, 0.31732144125412, 0.78334952007283, 0.069813664403758, 1.6516014647679, 3.2582072793781, 2666.6666666667, 80, 
81, -0.047841943727423, 0.0093225930905429, 0.042370252385851, 4245.1036866359, -0.050487240084842, 0.025039221274433, 0.031544831947908, 2.2171956458538, 1.100065032976, -0.79324975940458, 2.354099924334, -1.0012414884428, 0.45942862915188, 1.1064422745002, 3.4974433957616, 0.28577660930621, 1.110392778537, 0.056355337044636, 1.6766406860423, 3.3086945194629, 2700, 81, 
82, -0.051632482106572, 0.0079719640100681, 0.05972823219132, 3659.2015209125, -0.064479230810783, 0.020354945570983, 0.041533501775161, 2.1302948689785, 1.1316042741884, -0.79686533219555, 2.3211837376846, -0.91629993691386, 0.47558401696033, 1.1091981199343, 3.5649984415951, 0.24424310753105, 1.2650150025959, 0.067615789688119, 1.6969956316133, 3.3731737502737, 2733.3333333333, 82, 
83, -0.055147885902288, 0.011310156079014, 0.056759499569041, 5032.2837632777, -0.06297962635482, 0.025824371182133, 0.04192276060478, 2.0418547334575, 1.1575162409019, -0.80590754221277, 2.2880341099349, -0.8302328757165, 0.48385505830143, 1.1204350099563, 3.6321283725839, 0.20232034692627, 1.1816620634595, 0.068068579261986, 1.7228200027954, 3.4361533766285, 2766.6666666667, 83, 
84, -0.055429638214004, 0.010512691936352, 0.057313907808556, 5513.961038961, -0.063896161257416, 0.025487864637636, 0.041659266468139, 1.9527546171023, 1.1811843024446, -0.81267726925003, 2.2519278187235, -0.74551466693882, 0.49185480019501, 1.1339703353442, 3.6995709706161, 0.16066108045814, 1.1912428258932, 0.068792082881827, 1.7483078674331, 3.5000495378859, 2800, 84, 
85, -0.096964618544738, 0.019315894702469, 0.013560592627344, 4962.9672897196, -0.05588024128548, 0.080835567007551, 0.017382151917587, 1.8602016848913, 1.1438179195117, -0.86753017011623, 2.2141612351672, -0.6637445725407, 0.42215213106031, 1.2054139394685, 3.7670437335781, 0.14327892854055, 0.60485153907278, 0.098269986565358, 1.8291434344406, 3.5559297791714, 2833.3333333333, 85, 
86, -0.086232949501995, 0.020487295622785, 0.018846553729875, 4641, -0.052387790940037, 0.070471270734183, 0.022368770839447, 1.771674054831, 1.1173026331424, -0.91304561858926, 2.1781846281026, -0.58453264040744, 0.36698868454878, 1.2683700137129, 3.8282557580691, 0.1209101577011, 0.6392586675704, 0.087810481370207, 1.8996147051748, 3.6083175701114, 2866.6666666667, 86, 
87, -0.048621205112928, 0.011950426660541, 0.054590253811766, 4325.0573394495, -0.05744910796544, 0.021717718306007, 0.041410992322348, 1.6904342750964, 1.1363387899484, -0.91159186616471, 2.1391212797248, -0.51151058104558, 0.37729513002368, 1.2842306876897, 3.8875852868288, 0.079499165378753, 1.2093683342769, 0.061417092852428, 1.9213324234808, 3.6657666780769, 2900, 87, 
88, -0.03859426519179, 0.0028137159815471, 0.05146055285477, 5186.0429447853, -0.054119768638475, 0.011075708299446, 0.033075700071535, 1.622065753261, 1.15188590702, -0.89851967538563, 2.0984356407579, -0.45515719791751, 0.39328963548205, 1.2918789226248, 3.9422923646538, 0.046423465307219, 1.3689319057272, 0.055241476010481, 1.9324081317803, 3.7198864467154, 2933.3333333333, 88, 
89, -0.0431546030159, -0.0248373490239, 0.044860892857046, 5129.6957175056, -0.066336048946654, 0.0058802582251763, 0.0075276472630538, 1.5625283820246, 1.1399375591497, -0.86648155424083, 2.0371129247265, -0.42532672610775, 0.40126277104532, 1.2949248105051, 4.0088186884646, 0.038895818044165, 1.4823839352923, 0.066596162251646, 1.9382883900054, 3.786222495662, 2966.6666666667, 89, 
90, -0.039422573092217, -0.023457636166644, 0.045747177328375, 4776.9490254873, -0.064028868960118, 0.0030779652251546, 0.0093827009887737, 1.505190689078, 1.1311449593421, -0.83347122189076, 1.9780284707111, -0.39635048139563, 0.41239865821134, 1.2958113259801, 4.0729151451438, 0.029513117055391, 1.5227617819111, 0.064102807506686, 1.9413663552306, 3.8502513646221, 3000, 90, 
91, -0.041706427216793, -0.012325383216963, 0.037000902849027, 5266.9757759273, -0.054233964047006, 0.013214458369942, 0.012019306250174, 1.4491317854507, 1.1227915239917, -0.81673958105473, 1.9303202792427, -0.36148988430137, 0.41339655180894, 1.3077474985803, 4.1274443793472, 0.017493810805217, 1.331796861092, 0.055820648207119, 1.9545808136005, 3.9044853286691, 3033.3333333333, 91, 
92, -0.065770862497716, -0.010934267020958, -0.0061875802924437, 4260.7594936709, -0.040030273043338, 0.051102680595474, -0.016423856884219, 1.4015508020957, 1.0741341857719, -0.84163153087434, 1.8941322094223, -0.33318390474313, 0.35735827698074, 1.3578038742832, 4.1687744794398, 0.033917667689436, 0.66449345766484, 0.064914611020688, 2.005683494196, 3.9445156017125, 3066.6666666667, 92, 
93, -0.06544179394061, -0.0079326242839009, 0.031398013304277, 5102.8587443946, -0.062374784577306, 0.036551223802809, 0.010236454092195, 1.3292258604676, 1.0509814270895, -0.8406325347429, 1.8395842683597, -0.2848887813206, 0.33590954747656, 1.3925436884054, 4.23217564852, 0.023681213597241, 1.0407393233578, 0.072295267566753, 2.0422347179988, 4.0068903862898, 3100, 93, 
94, -0.060276405937794, -0.014716964913232, 0.013425065886226, 5602.3011782032, -0.051233111072598, 0.036963693442, -0.0062386221555809, 1.2746512613782, 1.0145205425884, -0.84504264676722, 1.7922728977827, -0.25428373620667, 0.30196552450282, 1.4281211437403, 4.2843808095604, 0.029919835752822, 0.94579888206749, 0.063175519808319, 2.0791984114408, 4.0581234973624, 3133.3333333333, 94, 
95, -0.047177155017144, -0.030767489381308, 0.035923012809087, 4913, -0.065930461370016, 0.010336994278655, -0.0030177823184607, 1.2226410353409, 0.98487779947478, -0.81503543639663, 1.7278523852293, -0.23712318691041, 0.29566453264597, 1.4363812608847, 4.3506035132443, 0.032937618071283, 1.4152760914442, 0.066735891296814, 2.0895354057195, 4.1240539587324, 3166.6666666667, 95, 
96, -0.033771462281766, -0.034071244179093, 0.047752240275899, 5056.9699192957, -0.067282103137099, -0.0067728277829414, 0.002980958475612, 1.1762658595865, 0.96555154237188, -0.7682152032756, 1.6611193869195, -0.22713770573037, 0.30844316018784, 1.4274963038872, 4.4176393765069, 0.02995665959567, 1.671121510569, 0.067622130983344, 2.0827625779365, 4.1913360618695, 3200, 96, 
97, -0.048101836291898, -0.043434959999717, 0.037438367528711, 5771.449704142, -0.073746537934448, 0.0051388082552965, -0.011707081714099, 1.1258871956408, 0.92591871344092, -0.72947480244765, 1.5870985898459, -0.21910173313979, 0.30032308939246, 1.4299914902964, 4.4915222211779, 0.041663741309769, 1.5012267545829, 0.073925362411027, 2.0879013861918, 4.2650825998039, 3233.3333333333, 97, 
98, -0.044790276806905, -0.030067989240205, -0.010908438264866, 5406.7880794702, -0.034240445922887, 0.028072447028548, -0.032692132484136, 1.1004447235691, 0.87472934623689, -0.73694417053559, 1.5514844552364, -0.21695000965919, 0.25504103356552, 1.4560304617608, 4.5273311403741, 0.074355873793906, 0.88406108430773, 0.044277199766571, 2.1159738332204, 4.2993230457268, 3266.6666666667, 98, 
99, -0.036073618934573, -0.028881197180237, 0.0038390881321793, 5238.5254988914, -0.037970723758398, 0.015429058824786, -0.021687238510707, 1.0746956577222, 0.83590464315645, -0.72938981762965, 1.5122393682425, -0.21557328593405, 0.22886150098148, 1.4681721580197, 4.5664763726039, 0.096043112304613, 1.1848356195754, 0.040985750193882, 2.1314028920452, 4.3372937694852, 3300, 99, 
100, -0.021508686340866, -0.037330991326148, -0.0030117698594, 5633.59030837, -0.02926082516901, 0.002948466863626, -0.03162921810089, 1.0675071412902, 0.79311820402433, -0.71734008441512, 1.4790251500091, -0.23271371426513, 0.20375031826577, 1.4678359833996, 4.5958823029255, 0.1276723304055, 1.470370312314, 0.029409001112198, 2.1343513589088, 4.3665545946542, 3333.3333333333, 100, 
101, -0.017161132164761, -0.026432261169887, -0.005005811970046, 5315.0036818851, -0.020013168872933, 0.0048368085680587, -0.024378372744153, 1.0618267601816, 0.76066568959039, -0.71178538817003, 1.4559913017743, -0.24404739334805, 0.18236629442757, 1.4698355600958, 4.6163738537729, 0.15205070314966, 1.3336622270802, 0.020589357577656, 2.1391881674768, 4.3865677635272, 3366.6666666667, 101, 
102, 0.0024884456218238, -0.048982455237275, -0.013574482115865, 5186.6322008863, -0.014243711952776, -0.016961050722074, -0.045816787291364, 1.0838451795011, 0.71302932751607, -0.69414276008105, 1.4339032587942, -0.28913269903289, 0.15902686547222, 1.4506556429335, 4.6274468345571, 0.19786749044102, 2.4430562708338, 0.022148602027903, 2.1222271167548, 4.4008114754799, 3400, 102, 
103, -0.021486464106668, -0.056091846700294, -0.011522808297136, 4630.8605341246, -0.033144332527913, -0.0014259632667982, -0.051382456895253, 1.0844130520271, 0.65039480275031, -0.67730140967287, 1.3922913971768, -0.32285435492268, 0.12244354146966, 1.4419179288707, 4.6594469206957, 0.24924994733627, 1.6137926501896, 0.033174992840378, 2.120801153488, 4.4339558080079, 3433.3333333333, 103, 
104, -0.048590266245625, -0.049490710175655, 0.029083789894704, 4923.1821589205, -0.071705312441292, 0.006446442038143, -0.021748647989302, 1.0418196666644, 0.6032460278255, -0.63627547799431, 1.3176306101392, -0.32520875268215, 0.11058793367041, 1.4297050729378, 4.730396642772, 0.27099859532558, 1.4811354900005, 0.071994502896085, 2.1272475955261, 4.5056611204492, 3466.6666666667, 104, 
105, -0.047340276459975, -0.062512994737746, 0.00014998763960302, 4518.3534743202, -0.058955018877377, 0.011936576934933, -0.05030727266485, 1.0137176069538, 0.53141718504641, -0.61293038158782, 1.250482345748, -0.34231914956355, 0.069448573713302, 1.4239170238648, 4.7902628208276, 0.32130586799043, 1.3710276442406, 0.060151276958644, 2.139184172461, 4.5646161393265, 3500, 105, 
106, -0.040860137029324, -0.058062407800973, 0.0074473459797973, 5020.8554125662, -0.057607919103896, 0.0055517836009715, -0.04179428139894, 0.98762400019042, 0.46967320463352, -0.58386882537443, 1.185875907375, -0.35918237821968, 0.039793732994355, 1.4098167680429, 4.8463896447456, 0.36310014938937, 1.4747211454029, 0.057874818743846, 2.144735956062, 4.6222240584304, 3533.3333333333, 106, 
107, -0.045739403859952, -0.043921922010957, 0.0019180692587337, 5464.7070161912, -0.049893529557403, 0.017717445298988, -0.034951891281168, 0.95446328551025, 0.41657298834308, -0.56780173826772, 1.129738778022, -0.36133256381437, 0.0078341207014951, 1.4077334223315, 4.8992920482378, 0.39805204067053, 1.2295808200234, 0.052945936195501, 2.162453401361, 4.6721175879878, 3566.6666666667, 107, 
108, -0.023116185480673, -0.045773202312265, -0.003497212903528, 7123.3900814212, -0.034094643353692, 0.00090343676455007, -0.03845143661639, 0.94447243786148, 0.36674464528928, -0.55187554130727, 1.0888986288187, -0.38076897371439, -0.020284069719936, 1.3947424420195, 4.9308255379437, 0.43650347728692, 1.5443046167015, 0.034106610846037, 2.1633568381256, 4.7062122313415, 3600, 108, 
109, 0.0041599781661809, -0.026371415743703, -0.023876634817282, 6078.0044510386, 0.0045775993339936, -0.0045570894611043, -0.035229651258901, 0.9603184971999, 0.33340843075838, -0.5601198472867, 1.08686291116, -0.40415676376604, -0.049935982031296, 1.3926553793679, 4.9247131240005, 0.47173312854582, 3.929236086518, 0.006459216672251, 2.1587997486644, 4.7016346320075, 3633.3333333333, 109, 
110, -0.029261402864608, -0.049261790345423, -0.016374476322687, 5581.7498165811, -0.031198953861617, 0.0097294682336785, -0.049830093949487, 0.9477912275355, 0.27282327420413, -0.55399546306287, 1.0454491504755, -0.42200618026369, -0.092729671154893, 1.3863442703846, 4.9567755631993, 0.52156322249531, 1.2685015633355, 0.032680839557292, 2.1685292168981, 4.7328335858691, 3666.6666666667, 110, 
111, -0.014321576418048, -0.029306305900714, 0.0045122960234954, 5762.9246676514, -0.025865344005814, -0.0026006490175888, -0.020212581488727, 0.94051609923128, 0.24435584650117, -0.5368880874399, 1.0160777840152, -0.43515670227807, -0.10370103952384, 1.3709898213952, 4.9777517097216, 0.54177580398404, 1.6710052431986, 0.025995757266365, 2.1659285678805, 4.758698929875, 3700, 111, 
112, -0.018315465582286, -0.02698144841489, 0.0013690134898946, 5976.5625, -0.025038936573493, 0.0029020770244566, -0.020735440684113, 0.92916965899409, 0.21545891852275, -0.52406791947398, 0.98684785904393, -0.44342522682099, -0.11803191267909, 1.3603275765526, 5.0005917094713, 0.56251124466815, 1.4554086051305, 0.025206554619529, 2.168830644905, 4.7837378664485, 3733.3333333333, 112, 
113, -0.0056969236063554, -0.042859193437296, -0.008518430874096, 7596.6017634093, -0.019225457247336, -0.0098687448539329, -0.038404659799424, 0.93523796103471, 0.17128308273947, -0.51190429570639, 0.9606381755525, -0.47190585926132, -0.14329429974714, 1.3415195514623, 5.0112319497559, 0.60091590446757, 2.0450403121584, 0.021610421822842, 2.1589619000511, 4.8029633236958, 3766.6666666667, 113, 
114, -0.037617279788899, -0.066437199957212, 0.0041946688888482, 5858.9734121123, -0.057796398990713, 0.00076117279800889, -0.050055495227406, 0.91374063329243, 0.10325134262677, -0.47804312288645, 0.89252677046747, -0.49710736959153, -0.17432255449676, 1.3082789375331, 5.0585120805345, 0.65097139969498, 1.5576271880881, 0.057801411058227, 2.1597230728491, 4.8607597226865, 3800, 114, 
115, -0.0063841053491662, -0.035823172825918, -0.0038874548650897, 5736.0822831727, -0.019086902795866, -0.0082749467090819, -0.030106207703867, 0.91599942080282, 0.067335925980856, -0.4651810712806, 0.86774969058226, -0.51933115830756, -0.19310155899644, 1.2899799962952, 5.0684066601505, 0.68107760739885, 1.9798786164508, 0.020803475704242, 2.15144812614, 4.8798466254824, 3833.3333333333, 115, 
116, 0.00128650818344, -0.033252250974304, -0.0041269541834843, 5001.9230769231, -0.013158850094567, -0.013293328590962, -0.027830391418662, 0.92502175151167, 0.035479384731743, -0.45365196157103, 0.84980885078811, -0.54476355754129, -0.20924098734694, 1.2713438453825, 5.0700005955051, 0.70890799881751, 2.3612782808117, 0.01870475663671, 2.138154797549, 4.8930054755769, 3866.6666666667, 116, 
117, 0.0008961377823083, -0.034086647805827, -0.008959351555435, 5205.8561897702, -0.010713211827448, -0.011329544803648, -0.031620254672023, 0.93392032791892, 0.00052227588961557, -0.44611287350435, 0.83280329991508, -0.56974743210706, -0.2303274500001, 1.2557601290312, 5.0705107785642, 0.74052825348953, 2.3841480009173, 0.015592674341422, 2.1268252527454, 4.9037186874044, 3900, 117, 
118, -0.020019757656315, -0.043801630609449, 0.0043519036552407, 4924.6875, -0.036317235089794, -0.0040167926077367, -0.03167390287564, 0.92368189327297, -0.041657756240004, -0.42088051141343, 0.7896748750102, -0.58962182262529, -0.24662470432754, 1.2279157906495, 5.0941680051624, 0.77220215636517, 1.680951536157, 0.036538694385828, 2.1228084601376, 4.9400359224942, 3933.3333333333, 118, 
119, -0.019676517840622, -0.044147130716051, 0.0054706052014863, 6261.6666666667, -0.037003333912383, -0.0049018516748633, -0.031189531852783, 0.91349977172165, -0.083414614835651, -0.39438097272756, 0.74597988207541, -0.60988815672818, -0.26177593805086, 1.1982311132403, 5.1167951771737, 0.80339168821796, 1.7025000420783, 0.037326597359974, 2.1179066084628, 4.9770392564066, 3966.6666666667, 119, 
120, -0.038756938057821, -0.023264731942201, 0.0021507786291253, 5842.2753834916, -0.03566814401784, 0.020653204478613, -0.018686956803021, 0.87997627102905, -0.11103611074788, -0.37899825994446, 0.70274988317968, -0.60076495292905, -0.27486542408807, 1.1865295079827, 5.1563147602039, 0.82207864502098, 1.0459328103629, 0.041216154028643, 2.1385598129414, 5.0127074004244, 4000, 120, 
121, -0.034498889300046, -0.033000608193995, -0.00077304087936524, 5414.756816507, -0.036149439220368, 0.014334982334997, -0.027704459545914, 0.85232855035299, -0.14796278961875, -0.36239142080619, 0.65754890324597, -0.60080169819551, -0.29385577742407, 1.1693214209532, 5.191186879951, 0.84978310456689, 1.1932694806675, 0.038887963105462, 2.1528947952764, 5.0488568396448, 4033.3333333333, 121, 
122, -0.032014577004947, -0.032333440123886, 0.0010562701027551, 5625.3299120235, -0.035531087016834, 0.011851471470078, -0.025856999765676, 0.82688136533377, -0.18286089079321, -0.34453486771483, 0.61384820365852, -0.60228138414372, -0.31035889431253, 1.1500401548747, 5.2232972368749, 0.87564010433257, 1.2488488249055, 0.037455513887863, 2.1647462667465, 5.0843879266616, 4066.6666666667, 122, 
123, -0.065152713037938, -0.031756340849901, 0.0097962234306859, 5442.6211453744, -0.060252016860393, 0.035250056705089, -0.021827395365114, 0.76897855769178, -0.2185136854915, -0.31481910918008, 0.54316925878642, -0.58276317891276, -0.32177864122179, 1.1256325135473, 5.288695690261, 0.89746749969768, 1.0414467761241, 0.069805959870609, 2.1999963234516, 5.144639943522, 4100, 123, 
124, -0.056817881720352, -0.029116879317061, 0.006127721297045, 5542.1748714181, -0.05170816225787, 0.031142127627276, -0.021680568458952, 0.71830460142703, -0.2514949576397, -0.2905977164104, 0.48156940516891, -0.56569075703074, -0.33427988848511, 1.1040178122749, 5.3450538045611, 0.91914806815663, 1.0287114701201, 0.060361959521206, 2.2311384510788, 5.1963481057799, 4133.3333333333, 124, 
125, -0.057672398008877, -0.031255089475038, 0.0036935393052601, 6181.4480471629, -0.051716876951441, 0.031941543339413, -0.024934524879524, 0.66665457292275, -0.28712474424257, -0.26774536991966, 0.41895456913704, -0.54837552244499, -0.34973959482578, 1.0815655435244, 5.4015393222864, 0.94408259303616, 1.0175192678025, 0.060785668973156, 2.2630799944182, 5.2480649827313, 4166.6666666667, 125, 
126, -0.017807407892695, -0.044293415424174, 0.031569284875401, 5402.8125, -0.052667735458388, -0.017267990522268, -0.014267331846818, 0.65959828073105, -0.32076195701734, -0.22023069933032, 0.36769637564361, -0.57645019149995, -0.34491177077683, 1.0286605750286, 5.4180647363193, 0.95834992488297, 1.8876187645682, 0.055426292091316, 2.245812003896, 5.3007327181897, 4200, 126, 
127, -0.033147912910225, -0.037515444038807, 0.011109774789461, 5394.6666666667, -0.045202627389165, 0.0064331427570459, -0.023344314940289, 0.6331977706284, -0.3559722808972, -0.19173322377515, 0.31647800332082, -0.58169201654463, -0.35481440227127, 0.99501026096753, 5.4489229679541, 0.98169423982326, 1.4294277754058, 0.04565810824614, 2.252245146653, 5.3459353455789, 4233.3333333333, 127, 
128, -0.072758181856712, -0.024869983326028, 0.019978688846893, 4699.4469026549, -0.067791808234719, 0.040073918909444, -0.01047708696918, 0.56753701811084, -0.37881276763013, -0.15125503523684, 0.24074876535751, -0.5549786386023, -0.35002012121623, 0.96053986249103, 5.5197282409631, 0.99217132679244, 1.036922804138, 0.078750544382205, 2.2923190655625, 5.4137271538136, 4266.6666666667, 128, 
129, -0.073383481077506, -0.0050908753073608, -0.01887555772477, 4587.2181818182, -0.033470514982404, 0.064953919274985, -0.020689371062048, 0.49217483672425, -0.39319837147016, -0.15346298138712, 0.19083524827521, -0.499222506599, -0.36708390448135, 0.96728699574557, 5.5924852656702, 1.0128606978545, 0.47580964069835, 0.073070424949966, 2.3572729848375, 5.447197668796, 4300, 129, 
130, -0.070033774654635, -0.0042618334405195, -0.0095718076719986, 4378.9464156408, -0.037043439148851, 0.058747729207519, -0.013820240108451, 0.4217407226239, -0.4038113440608, -0.14742732528558, 0.14041680115224, -0.44927331604264, -0.37563299667158, 0.96648446721253, 5.6619316193823, 1.0266809379629, 0.56258108767331, 0.069451508774213, 2.416020714045, 5.4842411079448, 4333.3333333333, 130, 
131, -0.064036551643885, -0.0069980514934771, -0.0080409889280342, 6370.3737300435, -0.035869608130839, 0.052120798496408, -0.01452937654035, 0.3577045258184, -0.41606706019893, -0.14049562444793, 0.092357148693506, -0.40555311886923, -0.38444773045933, 0.96231715905215, 5.7250646055621, 1.0412103145033, 0.60276349372913, 0.063270897127851, 2.4681415125414, 5.5201107160757, 4366.6666666667, 131, 
132, -0.048796866830318, -0.031952043218493, 0.052195213351177, 4644.6428571429, -0.077873386848655, 0.0044177952825841, 0.0065289800783817, 0.32282684973021, -0.44061381270742, -0.073694114326121, 0.016987928007487, -0.4153124206884, -0.3619605286693, 0.89748424746122, 5.7684288144032, 1.0346813344249, 1.5141265804645, 0.077998598028677, 2.472559307824, 5.5979841029243, 4400, 132, 
133, -0.049559197458603, -0.031531483991145, 0.059421537996053, 4968.8464364438, -0.082731162520649, 0.0022213350051804, 0.011484314759818, 0.28843527555602, -0.46306701402902, 0.00026602361192068, -0.061631421639059, -0.42754634559115, -0.33321408817466, 0.82775009138451, 5.8129984956078, 1.0231970196651, 1.5439527365049, 0.082760978614461, 2.4747806428291, 5.680715265445, 4433.3333333333, 133, 
134, -0.046447735949253, 0.0027614459021431, 0.016682633529568, 4658.2236842105, -0.036511908080029, 0.031782895188434, 0.010002808301084, 0.24664602218554, -0.45730528045961, 0.026855681946768, -0.10025424062316, -0.40236488297332, -0.31422143169257, 0.81335551388596, 5.8592159131017, 1.013194211364, 0.85453192168112, 0.048407353348469, 2.5065635380176, 5.717227173525, 4466.6666666667, 134, 
135, -0.049414793999912, -0.0043524498323245, -0.0039921670785702, 4553.1728665208, -0.02857264584391, 0.039744462946721, -0.0089824367801558, 0.19715834286344, -0.4608951141714, 0.034753971026254, -0.13609251165189, -0.36715938928138, -0.31492267151112, 0.80992245056506, 5.9080443617616, 1.0221766481442, 0.62330405771678, 0.048949141212536, 2.5463080009643, 5.7457998193689, 4500, 135, 
136, -0.090418622052805, 0.015128942627813, -0.0040329397491305, 4729.0909090909, -0.042879212515905, 0.081066270198361, 0.0032105988476666, 0.10762031091001, -0.44366040014217, 0.050022540545236, -0.18974849076051, -0.29390374737393, -0.29754827541615, 0.81575976279889, 5.9995664139829, 1.0189660492965, 0.4865308619515, 0.091708053244291, 2.6273742711627, 5.7886790318848, 4533.3333333333, 136, 
137, -0.11569513948262, 0.053180600649636, 0.0262039888832, 5019.9675324675, -0.058084540008213, 0.10495599187634, 0.050106021437564, 0.00095444031536194, -0.38536620055369, 0.098210703148308, -0.25405248080353, -0.20318818644174, -0.22874710454575, 0.82431889623222, 6.1192054254823, 0.96886002785893, 0.50546364287203, 0.11995655054524, 2.732330263039, 5.846763571893, 4566.6666666667, 137, 
138, -0.064877212985793, -0.00070963715792272, 0.041053408516822, 4375.7778581766, -0.064622100485322, 0.035134100736193, 0.02201177466977, -0.05520991686041, -0.38280647432628, 0.15122768345092, -0.3195904748529, -0.1786685577392, -0.19595462514527, 0.79167310978024, 6.1851180095237, 0.94684825318916, 1.0728140028344, 0.073555563390379, 2.7674643637752, 5.9113856723784, 4600, 138, 
139, -0.029917982900436, -0.00080423775304097, 0.041640622942495, 4081.6558441558, -0.044557378492206, 0.0066090604527038, 0.024507841134903, -0.076828180991527, -0.38266612722983, 0.19807565204163, -0.36214323987701, -0.18052181118842, -0.16683541378402, 0.75976050812659, 6.21690684882, 0.92234041205426, 1.4235430053261, 0.045044862727787, 2.7740734242279, 5.9559430508706, 4633.3333333333, 139, 
140, -0.050840492360099, -0.01028636203999, 0.056351091876041, 4654.7180043384, -0.070943999169092, 0.013446189966446, 0.025537423799234, -0.1172397695775, -0.39034941202992, 0.26317721947828, -0.43127473288257, -0.17802719857458, -0.13299819978649, 0.71202691343228, 6.2710833136345, 0.89680298825503, 1.3834856785963, 0.072207001341407, 2.7875196141943, 6.0268870500397, 4666.6666666667, 140, 
141, -0.13149328339395, -0.010991286022558, 0.075469894528387, 4607.7006507592, -0.13078423661503, 0.070399270416659, 0.032348499582662, -0.23340421782756, -0.38877575243227, 0.3628707918729, -0.56230961267496, -0.12475541497891, -0.074453837725148, 0.65599718726644, 6.4086312695235, 0.86445448867237, 1.0769913656524, 0.14852802369309, 2.857918884611, 6.1576712866547, 4700, 141, 
142, -0.10135139535518, 0.025502790750844, 0.0088738335206675, 4216.318443804, -0.052374863466607, 0.088915571729391, 0.018765276149177, -0.32578445865984, -0.34677376967591, 0.39439551582397, -0.61569703189885, -0.045528846240808, -0.027924105173137, 0.67481713346739, 6.5100936856391, 0.84568921252319, 0.53232199066503, 0.10319450188411, 2.9468344563404, 6.2100461501213, 4733.3333333333, 142, 
143, -0.075354615435019, 0.005376308265956, 0.025706062496435, 4356.8623919308, -0.057920123559218, 0.052501489566444, 0.016027390815574, -0.39411805503324, -0.33162443485582, 0.43420320601596, -0.67365431837623, -0.00042881053730139, 0.0050997406362307, 0.66691094433411, 6.5878658956654, 0.82966182170761, 0.8344310529399, 0.078173826309133, 2.9993359459068, 6.2679662736805, 4766.6666666667, 143, 
144, -0.045706037250321, 0.0088433120324498, 0.027930398412377, 4219.3583273252, -0.040241553553712, 0.029084961510026, 0.021955306143479, -0.43242120605083, -0.31934653644119, 0.47135951496137, -0.71374680720836, 0.020301659862831, 0.03610472510094, 0.65739517125619, 6.6365965312153, 0.80770651556414, 0.94495833622093, 0.049651964900254, 3.0284209074169, 6.3082078272342, 4800, 144, 
145, -0.05450175646753, 0.0021039534559807, 0.0351957540015, 4872.1902017291, -0.05339600049318, 0.030356183648336, 0.020999491316142, -0.47990484827562, -0.31302330593249, 0.51574479657486, -0.76680538588317, 0.042958698170056, 0.066701759619473, 0.64040567911133, 6.6956207460777, 0.78670702424799, 1.0538528011091, 0.061421744963483, 3.0587770910652, 6.3616038277274, 4833.3333333333, 145, 
146, -0.043742043347241, -0.015309807749613, 0.053568477251084, 4403.7103746398, -0.067505373661643, 0.0067534092783984, 0.020365533527909, -0.51915396245253, -0.33049491557767, 0.57216054558002, -0.83457428825371, 0.043997115454874, 0.087553257807932, 0.59791588573496, 6.7485079121437, 0.76634149072008, 1.4710855522425, 0.067842346731814, 3.0655305003436, 6.429109201389, 4866.6666666667, 146, 
147, -0.054043187824401, -0.014056232626685, 0.049307380056101, 4356.8623919308, -0.070193754914283, 0.017364128713246, 0.017910505135003, -0.568529657117, -0.34265802832665, 0.6267652950805, -0.90447745504225, 0.056194296614013, 0.11062609679309, 0.56230886930644, 6.8114418897647, 0.74843098558508, 1.3282904639113, 0.072309585774893, 3.0828946290568, 6.4993029563033, 4900, 147, 
148, -0.061320501904638, 0.013751671251806, 0.013260770020278, 4257.0323741007, -0.037569532443533, 0.04982769679814, 0.015195093488054, -0.62076696168897, -0.31533267346762, 0.6554171673477, -0.93980831278295, 0.098016935429341, 0.1466668703174, 0.57372114335267, 6.8727930013409, 0.73323589209703, 0.64604914810926, 0.062404079483901, 3.132722325855, 6.5368724887469, 4933.3333333333, 148, 
149, -0.097217379449537, 0.0045373742266795, 0.012291263093461, 3555.3237410072, -0.062572867328184, 0.075360012559597, 0.0053278276344191, -0.71055341185968, -0.28445680648296, 0.68684874577574, -0.99715420954864, 0.17051529009259, 0.18485463515082, 0.58809411720854, 6.9696841338769, 0.72790806446261, 0.69295682012054, 0.097951494213478, 3.2080823384146, 6.599445356075, 4966.6666666667, 149, 
150, -0.063649967663875, 0.015178136699468, 0.010548346279617, 3461.7625899281, -0.036490379163036, 0.053430390168546, 0.014373826849314, -0.76463592337242, -0.25345801566197, 0.71355268340959, -1.0304924798333, 0.21617659377694, 0.22230523572568, 0.60415686930554, 7.032360084511, 0.71353423761329, 0.59919232627444, 0.064702042974122, 3.2615127285831, 6.6359357352381, 5000, 150, 
151, -0.054429222255025, -0.0046268256492991, 0.028315325763151, 4678.0575539568, -0.052304570677964, 0.030317495656316, 0.011436220018689, -0.81589211943912, -0.25029429918957, 0.74798460933067, -1.0809705968536, 0.24467166299782, 0.24381697999609, 0.59318448171298, 7.0918116448128, 0.70209801759461, 1.045486616628, 0.060455923255516, 3.2918302242394, 6.688240305916, 5033.3333333333, 151, 
152, -0.041369964807546, -0.016720400084902, 0.044889594613792, 4490.9352517986, -0.061268291444893, 0.0078345357460968, 0.013818055261249, -0.85830955386647, -0.2695777462368, 0.79086873525194, -1.1428462549358, 0.25310580658045, 0.25432446511395, 0.55995691102171, 7.1438794383306, 0.68827996233336, 1.4436139329154, 0.061767171595705, 3.2996647599855, 6.7495085973609, 5066.6666666667, 152, 
153, -0.050415022906351, -0.031290711293004, 0.044605760253711, 5758.1533477322, -0.073639961503784, 0.0091418008788821, 0.0020104142246234, -0.91530285827425, -0.2983302324946, 0.82916242364587, -1.2150420860867, 0.27123841302643, 0.25375835407919, 0.52030370630893, 7.206601348943, 0.68626954810873, 1.4472863713462, 0.074205231982576, 3.3088065608644, 6.8231485588647, 5100, 153, 
154, -0.049641599707365, -0.028099606137311, 0.046768536555507, 4023.1294964029, -0.072981155188507, 0.0089622122938428, 0.0058824483420731, -0.97002063616788, -0.32581241830731, 0.87052713798466, -1.2872356347074, 0.28679581687724, 0.25628920905122, 0.48117507307138, 7.2688549087355, 0.68038709976666, 1.4486063626709, 0.07352938366292, 3.3177687731583, 6.8961297140532, 5133.3333333333, 154, 
155, -0.046382911208562, -0.010305927249194, 0.024759113098568, 4911.9604316547, -0.048142200396059, 0.02290365986974, 0.005324620461178, -1.0155220372364, -0.32823083115232, 0.899190328777, -1.3334313766311, 0.31068413245272, 0.2701854962155, 0.46883083738066, 7.3207187944763, 0.67506247930548, 1.1267360995467, 0.053312747953965, 3.340672433028, 6.9442719144493, 5166.6666666667, 155, 
156, -0.055482200194118, -8.3990249953848e-05, -0.0011160801490565, 4069.9100719424, -0.031842608583602, 0.04524865494259, -0.0042584301150345, -1.0667289472332, -0.30415242483446, 0.91143023445386, -1.3592811072323, 0.35709930344371, 0.29318887118604, 0.48414191156084, 7.3738879506271, 0.67932090942052, 0.61322157535796, 0.055329851757637, 3.3859210879706, 6.9761145230329, 5200, 156, 
157, -0.054070695530128, -0.00070947747709347, 0.004062527333376, 3742.4460431655, -0.034637852539105, 0.041703800482363, -0.00128821830859, -1.1165459093498, -0.28369248388909, 0.92731162322577, -1.3884456795587, 0.39936620622815, 0.3158933545361, 0.49479146783413, 7.427044082666, 0.68060912772911, 0.69310420240053, 0.054212432182974, 3.427624888453, 7.010752375572, 5233.3333333333, 157, 
158, -0.05688984338529, 0.0099529752931952, 0.011433567782112, 4210.2517985612, -0.035695565506506, 0.045409179835341, 0.011405048842182, -1.1632698852801, -0.25712980290986, 0.95582297067973, -1.420835320898, 0.43647271738101, 0.35160917840856, 0.50794185318683, 7.4832864196802, 0.66920407888692, 0.66619963757986, 0.057759562066792, 3.4730340682883, 7.0464479410785, 5266.6666666667, 158, 
159, -0.060180962239427, 0.0059571254919061, 0.02769216952642, 3929.5683453237, -0.050008632504467, 0.039665559118056, 0.018704864230898, -1.2144171574076, -0.24161559675398, 0.99695559239014, -1.4693863710761, 0.46729365534373, 0.38684398380102, 0.50862566086356, 7.5471115005628, 0.65049921465603, 0.90023131302955, 0.063829616206859, 3.5126996274064, 7.096456573583, 5300, 159, 
160, -0.055904275667161, 0.0066777974109787, 0.025032065336209, 5332.9856115108, -0.045442820234352, 0.037613386009837, 0.01779518424293, -1.2612829977208, -0.22545067595741, 1.0351796616631, -1.513244797109, 0.49613197628216, 0.42095527813072, 0.51156255811376, 7.6060275871912, 0.6327040304131, 0.87938711515984, 0.058989971333919, 3.5503130134162, 7.1418993938173, 5333.3333333333, 160, 
161, -0.034948586604313, 0.008244074882059, 0.030921399600833, 4584.4964028777, -0.036147989115948, 0.018905657670386, 0.024112243394556, -1.2883008301984, -0.22196715638582, 1.0746752533263, -1.552596851147, 0.5030855236033, 0.44750831480262, 0.50592016356779, 7.6464279437189, 0.60859178701854, 1.0889128404865, 0.04079339418431, 3.5692186710866, 7.1780473829333, 5366.6666666667, 161, 
162, -0.038436501049206, 0.0065728255804628, 0.017152378413772, 4069.9100719424, -0.030220271780385, 0.0267167905091, 0.013701056994074, -1.3191360013028, -0.20861848361633, 1.1022724088917, -1.5816679520887, 0.52218619716765, 0.47359725680497, 0.51083709182743, 7.6864635738078, 0.59489073002447, 0.84685320623045, 0.040336729188017, 3.5959354615957, 7.2082676547136, 5400, 162, 
163, -0.063772227315473, 0.018169869331468, 0.019831952811584, 4257.0323741007, -0.041008620538002, 0.050945427709409, 0.022653993396037, -1.3657249203083, -0.17464616348962, 1.1453258616768, -1.6195881774439, 0.55627974787867, 0.52437058183286, 0.5307550660869, 7.7487551974751, 0.57223673662843, 0.67775312857263, 0.065399874334164, 3.6468808893051, 7.2492762752516, 5433.3333333333, 163, 
164, -0.085759071831809, 0.02589402219914, 0.035500842700859, 5005.5215827338, -0.060067260428311, 0.065470040511741, 0.037296457752998, -1.4274597889106, -0.1328580809008, 1.2113756306911, -1.6771974559091, 0.59637912211996, 0.59503328993796, 0.55486546125272, 7.8342667928621, 0.53494027887543, 0.74238745614113, 0.088850447269395, 3.7123509298168, 7.30934353568, 5466.6666666667, 164, 
165, -0.083305676971148, 0.02500714681354, 0.033920347637317, 6221.8165467626, -0.05806040138226, 0.063769378406026, 0.035752461941334, -1.4868829341971, -0.090572372567718, 1.2748451021394, -1.7315545044446, 0.63588709927532, 0.66454583159863, 0.58159619988455, 7.9162562357249, 0.4991878169341, 0.73857214288266, 0.086241195672139, 3.7761203082229, 7.3674039370622, 5500, 165, 
166, -0.011830824039169, 0.025419876297606, 0.013263395060923, 5239.4244604317, -0.0027607190482896, 0.014744379860486, 0.027148432134755, -1.4819751326094, -0.076401209605253, 1.3066314796961, -1.7419481458321, 0.62472477899806, 0.69621057651593, 0.59334705607065, 7.9255794717258, 0.47203938479934, 0.1850955471806, 0.015000610225384, 3.7908646880833, 7.3701646561105, 5533.3333333333, 166, 
167, -0.060672008703315, 0.034686366337248, 0.046543236029625, 5707.2302158273, -0.048049254709619, 0.044327204293138, 0.052696072315578, -1.5161281355625, -0.049281700754138, 1.3823892531993, -1.7969019909483, 0.63236769876469, 0.76375902913489, 0.6126288115441, 7.9880368072902, 0.41934331248376, 0.82566857660688, 0.065373021335987, 3.8351918923765, 7.4182139108201, 5566.6666666667, 167, 
168, -0.047410350522188, 0.012978332304703, 0.043661820081211, 5005.5215827338, -0.049240451012947, 0.025691205146359, 0.035183413373107, -1.5533251313321, -0.042021009196201, 1.4369853328944, -1.8499941992831, 0.64288476897888, 0.80232940872823, 0.61701965898268, 8.0433999917543, 0.38415989911066, 1.0899005055121, 0.05553971586019, 3.8608830975228, 7.4674543618331, 5600, 168, 
169, -0.050661129262182, 0.028599318878808, 0.033944848283742, 5099.0827338129, -0.037157262747193, 0.038894932617713, 0.040536956998382, -1.5795949647694, -0.015110265769923, 1.4969435573643, -1.890330261091, 0.65060636126626, 0.85997190977614, 0.64014145178015, 8.091964270953, 0.34362294211228, 0.76255375273858, 0.053791058348023, 3.8997780301405, 7.5046116245803, 5633.3333333333, 169, 
170, -0.053957206092716, 0.029371204732151, 0.010308627641026, 4865.1798561151, -0.023592159379172, 0.051658028382644, 0.025596343754481, -1.6022919711049, 0.034194657774184, 1.5398812862803, -1.9065431657628, 0.6718836585981, 0.92380132148324, 0.68133397660107, 8.1310558647118, 0.3180265983578, 0.42841066355734, 0.05679033263289, 3.9514360585232, 7.5282037839594, 5666.6666666667, 170, 
171, -0.043086304246718, 0.030872094211322, 0.028394379538851, 4865.1798561151, -0.028038026877631, 0.036025439083988, 0.039138119849803, -1.618949070004, 0.062230357170735, 1.5955163175862, -1.9379217365301, 0.67409986759466, 0.98009685926087, 0.70752072893479, 8.1684452727786, 0.27888847850799, 0.66135857680118, 0.045650445916606, 3.9874614976072, 7.5562418108371, 5700, 171, 
172, -0.048355560818331, 0.028161203400111, 0.026034231116019, 6081.4748201439, -0.030966315231356, 0.040120321054361, 0.03522131706328, -1.6404399785031, 0.095606336774544, 1.6482911499329, -1.9676461769138, 0.68364628594207, 1.0382889494547, 0.73827883294167, 8.2087223500135, 0.24366716144471, 0.65733042121388, 0.050680892262397, 4.0275818186615, 7.5872081260684, 5733.3333333333, 172, 
173, -0.063722792959038, 0.044799775233609, 0.057472624778188, 4444.154676259, -0.051791136762812, 0.046517423654307, 0.067264564783934, -1.668027206613, 0.12572818139928, 1.7419876120083, -2.0287274544189, 0.67982580013455, 1.1201539870644, 0.77296969916128, 8.2690632446206, 0.17640259666078, 0.83899128921963, 0.069614600125395, 4.0740992423158, 7.6389992628312, 5766.6666666667, 173, 
174, -0.060799289519428, 0.031964131598748, 0.029213395429243, 5660.4496402878, -0.038398515267158, 0.050454930166936, 0.039389526162954, -1.6935996524355, 0.17140707350536, 1.8034533938985, -2.0602767847805, 0.69424025866782, 1.1930608665882, 0.81681096932667, 8.3148628265992, 0.13701307049782, 0.65053305349433, 0.063404620911039, 4.1245541724828, 7.6773977780984, 5800, 174, 
175, -0.058076351001838, 0.036852068857947, 0.058555314365006, 5192.6438848921, -0.053130395015656, 0.038171185956023, 0.062287895842782, -1.7226278113646, 0.19355078391512, 1.8903286851153, -2.1218123380901, 0.69105555323031, 1.264359702791, 0.84914917030618, 8.371720736832, 0.074725174655043, 0.94779913516251, 0.065420778899436, 4.1627253584388, 7.7305281731141, 5833.3333333333, 175, 
176, -0.050755896246378, 0.033030716922021, 0.03500420806375, 4818.3992805755, -0.035684381191025, 0.040393850382816, 0.044580763155394, -1.7395027052603, 0.22727112463349, 1.9557571197945, -2.1567506817269, 0.69178373933818, 1.3313035758935, 0.88761427158574, 8.4094702157384, 0.030144411499649, 0.72357407313134, 0.053898406374731, 4.2031192088216, 7.7662125543051, 5866.6666666667, 176, 
177, -0.046982536022721, 0.029484347317989, 0.030541679282507, 5052.3021582734, -0.032385043591707, 0.037702285581665, 0.039232961643746, -1.7543386829855, 0.26040440054765, 2.0141429990495, -2.1862835056007, 0.69353115659319, 1.3933647326651, 0.92497128035561, 8.4422484134199, 6.2740967570355, 0.70967726268851, 0.049701643700367, 4.2408214944033, 7.7985975978968, 5900, 177, 
178, -0.029912447776115, 0.0260915491784, 0.026977176901272, 4865.1798561151, -0.021791122836244, 0.023961762190057, 0.035415698478231, -1.7596068087831, 0.27797734831303, 2.0634828593667, -2.2121706491011, 0.68475755065879, 1.4383520803991, 0.94950709180213, 8.463388665285, 6.2386810585573, 0.73799103301599, 0.032388564057659, 4.2647832565933, 7.820388720733, 5933.3333333333, 178, 
179, -0.066013768941149, 0.019502782357159, 0.037821788817438, 5099.0827338129, -0.053161097134005, 0.045875108943243, 0.035185729504827, -1.7970491932128, 0.32445435175229, 2.1217035354559, -2.2482040387859, 0.71043865449869, 1.5090186475037, 0.99859043649799, 8.5135979897425, 6.2034953290524, 0.85883479971595, 0.070218429696523, 4.3106583655366, 7.873549817867, 5966.6666666667, 179, 
180, -0.068992401837386, 0.010555687853503, 0.034429151097069, 4584.4964028777, -0.057190954017741, 0.045928249189298, 0.026010212082878, -1.8427800366673, 0.37636222322005, 2.1691124152441, -2.2794786617557, 0.74956777778735, 1.576280418694, 1.0496138937876, 8.5662907951482, 6.1774851169696, 0.89418719408292, 0.073349909986677, 4.3565866147259, 7.9307407718848, 6000, 180, 
181, -0.064180271997663, 0.018464703014056, 0.036106411598927, 5192.6438848921, -0.051506540432556, 0.044667548424404, 0.033400771006946, -1.8783487376634, 0.42452355275963, 2.2240410167076, -2.3114707459967, 0.77580399862235, 1.6462086787738, 1.1002337512799, 8.6119563019818, 6.1440843459626, 0.8563892103538, 0.068177075249507, 4.4012541631503, 7.9822473123173, 6033.3333333333, 181, 
182, -0.053325176842097, 0.030416463096054, 0.025965334045272, 5239.4244604317, -0.03271205608846, 0.045110482250817, 0.036577303528748, -1.888821594302, 0.47165772711797, 2.2825049463564, -2.3315275235084, 0.77987258460368, 1.7192190247327, 1.149911370683, 8.6371920666295, 6.1075070424339, 0.62740926430563, 0.055722833941176, 4.4463646454011, 8.0149593684058, 6066.6666666667, 182, 
183, -0.048063702740248, 0.042160241899478, 0.009954549939537, 4537.7158273381, -0.013546174887093, 0.052412783657263, 0.035441481032894, -1.8720941138926, 0.5283689321524, 2.3420071787837, -2.3315408599868, 0.76555835053529, 1.8018724098068, 1.2039478677089, 8.6404120289416, 6.072065561401, 0.25291728331788, 0.054135004800727, 4.4987774290584, 8.0285055432929, 6100, 183, 
184, -0.03432204139497, 0.018602555465797, 0.03293596783586, 4303.8129496403, -0.031912900067865, 0.021915250321461, 0.033318517787317, -1.8896051791161, 0.54723427492069, 2.3882523575246, -2.3619807995215, 0.76849803306712, 1.8450687316722, 1.2325022101951, 8.6665507155206, 6.0387470436137, 0.96903832647225, 0.038713193970452, 4.5206926793798, 8.0604184433608, 6133.3333333333, 184, 
185, -0.046283517419845, 0.025272753148732, 0.043480911677112, 5052.3021582734, -0.042344811147757, 0.030017511219837, 0.044467186842921, 1.8887587053595, -0.56708185554724, -2.4212484229346, 2.3727024967775, -0.762499632126, -1.8815714249073, 1.2726144085326, 8.6994859457968, 5.9942798567707, 0.95413355056807, 0.051905048029766, 4.5507101905997, 8.1027632545085, 6166.6666666667, 185, 
186, -0.061961172736714, 0.0084083925622613, 0.047309738623386, 5005.5215827338, -0.062374825873868, 0.034018836702233, 0.033169250816394, 1.8458114706839, -0.58300789282038, -2.3532034168152, 2.2961001873483, -0.76263471336334, -1.8522406411829, 1.3238158512283, 8.7487391543338, 5.9611106059543, 1.0714965044917, 0.071048576012251, 4.5847290273019, 8.1651380803824, 6200, 186, 
187, -0.047503080314786, 0.014951305524323, 0.041377682366849, 4771.618705036, -0.04685230675889, 0.027539218153016, 0.035194447990682, 1.8011972579092, -0.58800027189043, -2.3045494802703, 2.2363614994552, -0.74881222087223, -1.8272849694939, 1.3653897252102, 8.7837373597842, 5.9259161579637, 1.0394047207353, 0.054346547131428, 4.6122682454549, 8.2119903871413, 6233.3333333333, 187, 
188, -0.049602368602738, 0.0236128514628, 0.031757351144747, 4257.0323741007, -0.03762019341708, 0.036850800483332, 0.035400988032352, 1.7462085406637, -0.60298330933695, -2.2669159529736, 2.1726163276681, -0.72624490261273, -1.8177035909377, 1.4134559132422, 8.8052462068323, 5.8905151699313, 0.79572924024397, 0.052661755088497, 4.6491190459382, 8.2496105805583, 6266.6666666667, 188, 
189, -0.061711569732769, 0.035135079101365, 0.014314668513284, 4210.2517985612, -0.027828853486459, 0.058685546704464, 0.032082108645076, 1.6733481390414, -0.64426786177314, -2.2399089715311, 2.0921004387385, -0.69588704662362, -1.8360889835069, 1.4783650820911, 8.8074595931752, 5.8584330612862, 0.44279773245422, 0.064949507144955, 4.7078045926427, 8.2774394340448, 6300, 189, 
190, -0.058555732879584, 0.032456299662481, 0.018502492518047, 4724.8381294964, -0.02999041153182, 0.053279227287882, 0.032960970913877, 1.6054913833199, -0.67706499869043, -2.2088787045376, 2.0161691006465, -0.66767211381888, -1.8451122592301, 1.5393464905779, 8.8118243835295, 5.8254720903724, 0.51268663106399, 0.061140010175349, 4.7610838199306, 8.3074298455766, 6333.3333333333, 190, 
191, -0.049591687691888, 0.0109789189485, 0.045707436036015, 4069.9100719424, -0.0528219284572, 0.02576789263907, 0.034855432415167, 1.5679861420029, -0.67988928743297, -2.1500746605704, 1.9551859168911, -0.6628806653885, -1.8114874394544, 1.586421913448, 8.8470055879406, 5.7906166579572, 1.1169355300097, 0.058771935624039, 4.7868517125697, 8.3602517740338, 6366.6666666667, 191, 
192, -0.052360398292276, 0.0042018099998803, 0.044551419479764, 4911.9604316547, -0.057078691391479, 0.02563741846217, 0.028789604839434, 1.5367966853729, -0.68782872676343, -2.0860860585329, 1.8920430020477, -0.66748352870851, -1.7779890244672, 1.636546231915, 8.8844562677151, 5.7618270531178, 1.1486418437236, 0.062571992427668, 4.8124891310318, 8.4173304654253, 6400, 192, 
193, -0.048398105151426, -0.0068425474146246, 0.045319612837944, 4818.3992805755, -0.060745207681284, 0.017481701175315, 0.021153597393149, 1.519826428811, -0.69445921002693, -2.0174272068433, 1.8348984875527, -0.68495573484366, -1.7395804800642, 1.6824217250448, 8.9279406279213, 5.7406734557246, 1.2905811302564, 0.063210680523352, 4.8299708322071, 8.4780756731066, 6433.3333333333, 193, 
194, -0.045279542685916, -0.0047851147427359, 0.030682638037858, 3695.6654676259, -0.048534955453634, 0.021880155881733, 0.013422958061606, 1.5009028389316, -0.70971941405551, -1.9630476185682, 1.7814436297769, -0.698567019062, -1.7170987825798, 1.7264201188335, 8.9579153600983, 5.727250497663, 1.1472670798501, 0.053238924879219, 4.8518509880889, 8.5266106285602, 6466.6666666667, 194, 
195, -0.056725285853844, -0.00058352724361317, 0.025227546071756, 3929.5683453237, -0.049663306227744, 0.035147133533111, 0.012359727580168, 1.4698762531399, -0.73708846798272, -1.9080866207214, 1.7144970353458, -0.70772505878438, -1.7041871643907, 1.7826282090396, 8.9812042286318, 5.7148907700828, 0.95491572585198, 0.060842131628215, 4.886998121622, 8.576273934788, 6500, 195, 
196, -0.077652369732143, 0.00954857660705, 0.019753524960998, 4631.2769784173, -0.053383988478232, 0.058571539553068, 0.015191832343849, 1.4145687315123, -0.78068135495063, -1.8497153655565, 1.623065070315, -0.70548940708682, -1.7028969433707, 1.8608238563914, 8.9940806787131, 5.699698937739, 0.73909546294306, 0.07924945092214, 4.9455696611751, 8.6296579232662, 6533.3333333333, 196, 
197, -0.052833842811589, 0.0082937170637948, 0.0069049657530657, 4397.3741007194, -0.031249026365544, 0.04330891133869, 0.0074642786020279, 1.3740073949459, -0.8136786894389, -1.8155110118993, 1.5610006548979, -0.70072246324738, -1.7083070617725, 1.9141912069307, 8.9960998200559, 5.692234659137, 0.62503523942908, 0.053405649983284, 4.9888785725138, 8.6609069496317, 6566.6666666667, 197, 
198, -0.056198156205662, 0.0061128384065446, 0.046244467110419, 5052.3021582734, -0.059459019331216, 0.028839900732069, 0.031097194062224, 1.3402069509305, -0.81712024620961, -1.747832887613, 1.4962074557717, -0.70285358809408, -1.6691670311371, 1.9717766096958, 9.0285144204407, 5.6611374650747, 1.1191895725094, 0.066084149794527, 5.0177184732458, 8.720365968963, 6600, 198, 
199, -0.032241508920017, -0.016933618503785, 0.025538812107206, 4266.2400865177, -0.04365236162157, 0.0083741444460964, 0.0016848476242757, 1.3401976035154, -0.83067925117638, -1.6988407651849, 1.4581283811148, -0.72880251459357, -1.6477028422243, 2.0040441857502, 9.0590833273196, 5.6594526174505, 1.381261844021, 0.044448340467833, 5.0260926176919, 8.7640183305845, 6633.3333333333, 199, 
200, -0.038217772595584, -0.015218197068272, 0.024227784697915, 4031.8312905552, -0.045462546361594, 0.014464652987662, 0.0017630496097842, 1.33376844054, -0.84821320402266, -1.6480536903103, 1.4131608776036, -0.75197637327446, -1.6284935697631, 2.0423635319311, 9.0875033284329, 5.6576895678407, 1.2627575810002, 0.047708168144811, 5.0405572706796, 8.8094808769461, 6666.6666666667, 200, 
201, -0.039112868944937, -0.027708686347556, 0.021461474643642, 4832.3051948052, -0.050435585295513, 0.011087819795481, -0.00956531292831, 1.3370685649379, -0.87523747945402, -1.5919936990368, 1.365799810027, -0.78917566532202, -1.6124602860737, 2.0807170481314, 9.1220818874744, 5.667254880769, 1.3543974919609, 0.051639984623526, 5.0516450904751, 8.8599164622416, 6700, 201, 
202, -0.055555469522525, -0.012776056046851, -0.0092688760484286, 4294.1037735849, -0.032990359549326, 0.043351177281096, -0.019179692711612, 1.3072417412005, -0.92809867424277, -1.5566967998015, 1.2994402868836, -0.8018725226015, -1.6315658015837, 2.135139638973, 9.1244870305404, 5.6864345734806, 0.65050567834901, 0.054476493966213, 5.0949962677562, 8.892906821791, 6733.3333333333, 202, 
203, -0.065813398467729, -0.0013886060571256, 0.00061755496099043, 4466.6485900217, -0.039654860625606, 0.052330104197718, -0.004771229678965, 1.2623551386835, -0.97168713194353, -1.5124356013852, 1.2231392030056, -0.80221764956431, -1.6387658860302, 2.2007013336696, 9.1280372837887, 5.6912058031596, 0.64846361558653, 0.065657808192021, 5.1473263719539, 8.9325616824166, 6766.6666666667, 203, 
204, -0.066513317671025, -0.02306077419182, 0.013292217282708, 4823.6727272727, -0.058956379346554, 0.038554094301085, -0.0130472639649, 1.2390882435245, -1.0184914066842, -1.4466139935035, 1.1441220190355, -0.83029645113508, -1.6330791547217, 2.2654122892854, 9.1558707004292, 5.7042530671245, 0.99165442322731, 0.070443401770724, 5.185880466255, 8.9915180617631, 6800, 204, 
205, -0.047578980213502, -0.019227232907035, 0.034920270426601, 5045.8638360176, -0.05978059141219, 0.015921538959416, 0.0050653112922459, 1.2328188683692, -1.0335742880281, -1.3785587940926, 1.0894273133577, -0.85971261843802, -1.6008070968265, 2.3115516305045, 9.1970819614232, 5.6991877558322, 1.3105055581187, 0.061864485065564, 5.2018020052144, 9.0512986531753, 6833.3333333333, 205, 
206, -0.047431753639709, -0.051226518162957, 0.040568464873831, 4749.8173849525, -0.079233452931508, 3.1538405291364e-05, -0.015549535335588, 1.2531516299872, -1.0651507030821, -1.2903203641558, 1.0292078650772, -0.92589263724431, -1.566305912403, 2.3547488498202, 9.2635035145066, 5.7147372911678, 1.5703982827559, 0.079233459208345, 5.2018335436197, 9.1305321061068, 6866.6666666667, 206, 
207, -0.036887973555701, -0.034030373530031, 0.022629913287528, 4756.7666422824, -0.053025449711075, 0.0061529573992327, -0.013466448712075, 1.2599799516345, -1.0912337529174, -1.2309112925674, 0.98224160564328, -0.96693229318804, -1.5471668058974, 2.3881995096852, 9.3051036369254, 5.7282037398799, 1.4552751505765, 0.053381243914118, 5.2079865010189, 9.1835575558179, 6900, 207, 
208, -0.042983296014517, -0.031566906491785, 0.016069065140807, 4436.7754952311, -0.051176438254758, 0.01482510552306, -0.016230741269771, 1.2569540078362, -1.122619235133, -1.1731757477878, 0.92793112713549, -1.0015450388792, -1.5337531047767, 2.4274745072695, 9.341106799645, 5.7444344811496, 1.2888284291441, 0.053280499117528, 5.222811606542, 9.2347339940727, 6933.3333333333, 208, 
209, -0.040248697926572, -0.025665648227692, 0.0044596059376295, 5230.7933579336, -0.039213648310373, 0.019895366157073, -0.019105899433248, 1.2462086971195, -1.1563119005952, -1.1286852433813, 0.87641703354617, -1.025411918304, -1.5311583328274, 2.4644445661186, 9.364912164929, 5.7635403805829, 1.1012794974024, 0.043971988905821, 5.242706972699, 9.273947642383, 6966.6666666667, 209, 
210, -0.041286246240378, -0.026087482653182, 0.0029490747777796, 5681.3325991189, -0.039065854153364, 0.021181234868796, -0.020470029579071, 1.2337672060101, -1.1912112456968, -1.0840589270673, 0.82322145616733, -1.0484713057486, -1.5294974330696, 2.5019867954654, 9.3886882462084, 5.784010410162, 1.0739666825028, 0.04443856063487, 5.2638882075678, 9.3130134965364, 7000, 210, 
211, -0.064494375706502, -0.026910532990589, 0.0015471610216545, 5398.8427626745, -0.052179907094003, 0.040164630672673, -0.023455367930728, 1.2027058142692, -1.2361773233108, -1.0230516189043, 0.74362957393246, -1.0674901637558, -1.5260237833712, 2.5619118244006, 9.4159782592064, 5.8074657780927, 0.91478483712738, 0.065847856923449, 5.3040528382405, 9.3651934036304, 7033.3333333333, 211, 
212, -0.051076428694156, -0.030720145778556, 0.0057328338500125, 4593.3774834437, -0.048889032473115, 0.025993990216792, -0.022794060444368, 1.1857471133587, -1.274746324821, -0.96645301009186, 0.67830534031116, -1.0933928310409, -1.5196704633874, 2.6070461355893, 9.4480499684384, 5.8302598385371, 1.0821164062174, 0.055369892753625, 5.3300468284573, 9.4140824361035, 7066.6666666667, 212, 
213, -0.035907286049562, -0.047955626754409, 0.019269918343965, 4431.3333333333, -0.05723378868147, 0.00090390800736482, -0.02615113467242, 1.1975664496883, -1.3111310908685, -0.90232675320939, 0.62612018021518, -1.1447408280295, -1.5049797911058, 2.6322336893606, 9.4994497320193, 5.8564109732095, 1.5550043814002, 0.057240926062748, 5.3309507364647, 9.471316224785, 7100, 213, 
214, -0.042132595059856, -0.041660035898667, 0.012368398837432, 5101.8874907476, -0.053335676729732, 0.011430891053812, -0.026236080786234, 1.1961151942967, -1.3483069950134, -0.84093934512338, 0.56751538490205, -1.1845672772273, -1.493495045043, 2.6641384142105, 9.543690982175, 5.8826470539957, 1.359670413777, 0.05454685767762, 5.3423816275185, 9.5246519015147, 7133.3333333333, 214, 
215, -0.033930796566259, -0.045545791464903, 0.00013197462288404, 4894.8708487085, -0.042639593737132, 0.0082346179261313, -0.036603156817019, 1.1952674093622, -1.3940960248855, -0.79194896025782, 0.51290341310454, -1.2233699141646, -1.4965445792107, 2.6876819557331, 9.5801799961799, 5.9192502108127, 1.3800234717982, 0.043427455445341, 5.3506162454446, 9.5672914952518, 7166.6666666667, 215, 
216, -0.049067786853762, -0.03230770424222, 0.0069428172316728, 5631.3286454478, -0.049275755197127, 0.023204272683052, -0.023088954492494, 1.1789738002204, -1.4272124317382, -0.73246381692076, 0.44883741190371, -1.2487145212575, -1.4841405888103, 2.72646668267, 9.6184181934148, 5.9423391653052, 1.1306932257613, 0.054465937254367, 5.3738205181277, 9.616567250449, 7200, 216, 
217, -0.064058508844111, -0.025718185892494, -0.030072840659768, 4816.6666666667, -0.031113812944157, 0.053391526846879, -0.043018206796142, 1.1232509574772, -1.4819978625131, -0.68957495192695, 0.36149002549612, -1.2444388320749, -1.5014058016703, 2.7869223468208, 9.6311964994054, 5.9853573721014, 0.52763771604137, 0.061795829106542, 5.4272120449745, 9.6476810633931, 7233.3333333333, 217, 
218, -0.061472150761537, -0.0074904295102088, -0.028051357178938, 4909.363434493, -0.021817658966378, 0.058118904607055, -0.02771265084575, 1.0610309931033, -1.5179115568458, -0.65544447972564, 0.28532854500604, -1.2233684513298, -1.5104321902083, 2.8488244109199, 9.6358570310056, 6.0130700229471, 0.3591186273524, 0.062079121413702, 5.4853309495816, 9.6694987223595, 7266.6666666667, 218, 
219, -0.058708645234357, -0.023198867970561, 0.018042845544736, 4139.2672094745, -0.057488772560861, 0.0302260536593, -0.0095845661354799, 1.0397946294348, -1.5368291687864, -0.58445676130825, 0.21807894275082, -1.243516204249, -1.4801060623953, 2.893067393627, 9.6834080719563, 6.0226545890826, 1.0867434145947, 0.064950544958216, 5.5155570032409, 9.7269874949204, 7300, 219, 
